Time, Latitude, Longitude, Distance To Origin
1521828724.85,19.5197093,-96.9155696,0.0
1521828725.15,19.5197093,-96.9155696,0.0012090492004
1521828725.18,19.5197093,-96.9155696,0.0012090492004
1521828725.21,19.5197093,-96.9155696,0.0012090492004
1521828725.23,19.5197093,-96.9155696,0.0012090492004
1521828725.3,19.5197093,-96.9155696,0.0012090492004
1521828725.31,19.5197093,-96.9155696,0.0012090492004
1521828725.32,19.5197093,-96.9155696,0.0012090492004
1521828725.37,19.5197093,-96.9155696,0.0012090492004
1521828725.38,19.5197093,-96.9155696,0.0012090492004
1521828725.41,19.5197093,-96.9155696,0.0012090492004
1521828725.45,19.5197093,-96.9155696,0.0012090492004
1521828725.47,19.5197093,-96.9155696,0.0012090492004
1521828725.49,19.5197093,-96.9155696,0.0012090492004
1521828725.5,19.5197093,-96.9155696,0.0012090492004
1521828725.51,19.5197093,-96.9155696,0.0012090492004
1521828725.52,19.5197093,-96.9155696,0.0012090492004
1521828725.56,19.5197093,-96.9155696,0.0012090492004
1521828725.59,19.5197093,-96.9155696,0.0012090492004
1521828725.61,19.5197093,-96.9155696,0.0012090492004
1521828725.67,19.5197093,-96.9155696,0.0012090492004
1521828725.69,19.5197093,-96.9155696,0.0012090492004
1521828725.69,19.5197093,-96.9155696,0.0012090492004
1521828725.7,19.5197093,-96.9155696,0.0012090492004
1521828725.72,19.5197093,-96.9155696,0.0012090492004
1521828725.79,19.5197093,-96.9155696,0.0012090492004
1521828725.81,19.5197093,-96.9155696,0.0012090492004
1521828725.82,19.5197093,-96.9155696,0.0012090492004
1521828725.83,19.5197093,-96.9155696,0.0012090492004
1521828725.87,19.5197093,-96.9155696,0.0012090492004
1521828725.88,19.5197093,-96.9155696,0.0012090492004
1521828725.89,19.5197093,-96.9155696,0.0012090492004
1521828725.92,19.5197093,-96.9155696,0.0012090492004
1521828725.98,19.5197093,-96.9155696,0.0012090492004
1521828725.99,19.5197093,-96.9155696,0.0012090492004
1521828726.0,19.5197093,-96.9155696,0.0012090492004
1521828726.0,19.5197093,-96.9155696,0.0012090492004
1521828726.01,19.5197093,-96.9155696,0.0012090492004
1521828726.03,19.5197093,-96.9155696,0.0012090492004
1521828726.13,19.5197093,-96.9155696,0.0012090492004
1521828726.22,19.5197093,-96.9155696,0.0012090492004
1521828726.26,19.5197093,-96.9155696,0.0012090492004
1521828726.3,19.5197093,-96.9155696,0.0012090492004
1521828726.31,19.5197093,-96.9155696,0.0012090492004
1521828726.32,19.5197093,-96.9155696,0.0012090492004
1521828726.32,19.5197093,-96.9155696,0.0012090492004
1521828726.33,19.5197093,-96.9155696,0.0012090492004
1521828726.34,19.5197093,-96.9155696,0.0012090492004
1521828726.38,19.5197093,-96.9155696,0.0012090492004
1521828726.41,19.5197093,-96.9155696,0.0012090492004
1521828726.42,19.5197093,-96.9155696,0.0012090492004
1521828726.46,19.5197093,-96.9155696,0.0012090492004
1521828726.51,19.5197093,-96.9155696,0.0012090492004
1521828726.52,19.5197093,-96.9155696,0.0012090492004
1521828726.53,19.5197093,-96.9155696,0.0012090492004
1521828726.54,19.5197093,-96.9155696,0.0012090492004
1521828726.55,19.5197093,-96.9155696,0.0012090492004
1521828726.58,19.5197093,-96.9155696,0.0012090492004
1521828726.62,19.5197093,-96.9155696,0.0012090492004
1521828726.63,19.5197093,-96.9155696,0.0012090492004
1521828726.64,19.5197093,-96.9155696,0.0012090492004
1521828726.67,19.5197093,-96.9155696,0.0012090492004
1521828726.95,19.5197093,-96.9155696,0.0012090492004
1521828726.98,19.5197093,-96.9155696,0.0012090492004
1521828726.99,19.5197093,-96.9155696,0.0012090492004
1521828727.0,19.5197093,-96.9155696,0.0012090492004
1521828727.01,19.5197093,-96.9155696,0.0012090492004
1521828727.03,19.5197093,-96.9155696,0.0012090492004
1521828727.06,19.5197093,-96.9155696,0.0012090492004
1521828727.1,19.5197093,-96.9155696,0.0012090492004
1521828727.11,19.5197093,-96.9155696,0.0012090492004
1521828727.13,19.5197093,-96.9155696,0.0012090492004
1521828727.15,19.5197093,-96.9155696,0.0012090492004
1521828727.21,19.5197093,-96.9155696,0.0012090492004
1521828727.24,19.5197093,-96.9155696,0.0012090492004
1521828727.25,19.5197093,-96.9155696,0.0012090492004
1521828727.26,19.5197093,-96.9155696,0.0012090492004
1521828727.51,19.5197093,-96.9155696,0.0012090492004
1521828727.61,19.5197093,-96.9155696,0.0012090492004
1521828727.62,19.5197093,-96.9155696,0.0012090492004
1521828727.64,19.5197093,-96.9155696,0.0012090492004
1521828727.66,19.5197093,-96.9155696,0.0012090492004
1521828727.68,19.5197093,-96.9155696,0.0012090492004
1521828727.7,19.5197093,-96.9155696,0.0012090492004
1521828727.73,19.5197093,-96.9155696,0.0012090492004
1521828727.74,19.5197093,-96.9155696,0.0012090492004
1521828727.76,19.5197093,-96.9155696,0.0012090492004
1521828727.77,19.5197093,-96.9155696,0.0012090492004
1521828727.8,19.5197093,-96.9155696,0.0012090492004
1521828727.82,19.5197093,-96.9155696,0.0012090492004
1521828727.83,19.5197093,-96.9155696,0.0012090492004
1521828727.84,19.5197093,-96.9155696,0.0012090492004
1521828727.85,19.5197093,-96.9155696,0.0012090492004
1521828727.87,19.5197093,-96.9155696,0.0012090492004
1521828727.88,19.5197093,-96.9155696,0.0012090492004
1521828727.92,19.5197093,-96.9155696,0.0012090492004
1521828727.93,19.5197093,-96.9155696,0.0012090492004
1521828727.96,19.5197093,-96.9155696,0.0012090492004
1521828727.98,19.5197093,-96.9155696,0.0012090492004
1521828728.04,19.5197093,-96.9155696,0.0012090492004
1521828728.16,19.5197093,-96.9155696,0.0012090492004
1521828728.18,19.5197093,-96.9155696,0.0012090492004
1521828728.21,19.5197093,-96.9155696,0.0012090492004
1521828728.24,19.5197093,-96.9155696,0.0012090492004
1521828728.25,19.5197093,-96.9155696,0.0012090492004
1521828728.27,19.5197093,-96.9155696,0.0012090492004
1521828728.28,19.5197093,-96.9155696,0.0012090492004
1521828728.31,19.5197093,-96.9155696,0.0012090492004
1521828728.38,19.5197093,-96.9155696,0.0012090492004
1521828728.43,19.5197093,-96.9155696,0.0012090492004
1521828728.45,19.5197093,-96.9155696,0.0012090492004
1521828728.46,19.5197093,-96.9155696,0.0012090492004
1521828728.48,19.5197093,-96.9155696,0.0012090492004
1521828728.49,19.5197093,-96.9155696,0.0012090492004
1521828728.51,19.5197093,-96.9155696,0.0012090492004
1521828728.53,19.5197093,-96.9155696,0.0012090492004
1521828728.54,19.5197093,-96.9155696,0.0012090492004
1521828728.55,19.5197093,-96.9155696,0.0012090492004
1521828728.56,19.5197093,-96.9155696,0.0012090492004
1521828728.59,19.5197093,-96.9155696,0.0012090492004
1521828728.62,19.5197093,-96.9155696,0.0012090492004
1521828728.64,19.5197093,-96.9155696,0.0012090492004
1521828728.66,19.5197093,-96.9155696,0.0012090492004
1521828728.67,19.5197093,-96.9155696,0.0012090492004
1521828728.69,19.5197093,-96.9155696,0.0012090492004
1521828728.74,19.5197093,-96.9155696,0.0012090492004
1521828728.77,19.5197093,-96.9155696,0.0012090492004
1521828728.79,19.5197093,-96.9155696,0.0012090492004
1521828728.8,19.5197093,-96.9155696,0.0012090492004
1521828728.84,19.5197093,-96.9155696,0.0012090492004
1521828728.86,19.5197093,-96.9155696,0.0012090492004
1521828728.87,19.5197093,-96.9155696,0.0012090492004
1521828728.88,19.5197093,-96.9155696,0.0012090492004
1521828728.94,19.5197093,-96.9155696,0.0012090492004
1521828728.95,19.5197093,-96.9155696,0.0012090492004
1521828728.97,19.5197093,-96.9155696,0.0012090492004
1521828728.98,19.5197093,-96.9155696,0.0012090492004
1521828728.99,19.5197093,-96.9155696,0.0012090492004
1521828728.99,19.5197093,-96.9155696,0.0012090492004
1521828729.0,19.5197093,-96.9155696,0.0012090492004
1521828729.02,19.5197093,-96.9155696,0.0012090492004
1521828729.06,19.5197093,-96.9155696,0.0012090492004
1521828729.07,19.5197093,-96.9155696,0.0012090492004
1521828729.08,19.5197093,-96.9155696,0.0012090492004
1521828729.1,19.5197093,-96.9155696,0.0012090492004
1521828729.11,19.5197093,-96.9155696,0.0012090492004
1521828729.15,19.5197093,-96.9155696,0.0012090492004
1521828729.16,19.5197093,-96.9155696,0.0012090492004
1521828729.18,19.5197093,-96.9155696,0.0012090492004
1521828729.2,19.5197093,-96.9155696,0.0012090492004
1521828729.21,19.5197093,-96.9155696,0.0012090492004
1521828729.27,19.5197093,-96.9155696,0.0012090492004
1521828729.28,19.5197093,-96.9155696,0.0012090492004
1521828729.29,19.5197093,-96.9155696,0.0012090492004
1521828729.31,19.5197093,-96.9155696,0.0012090492004
1521828729.34,19.5197093,-96.9155696,0.0012090492004
1521828729.36,19.5197093,-96.9155696,0.0012090492004
1521828729.37,19.5197093,-96.9155696,0.0012090492004
1521828729.39,19.5197093,-96.9155696,0.0012090492004
1521828729.4,19.5197093,-96.9155696,0.0012090492004
1521828729.43,19.5197093,-96.9155696,0.0012090492004
1521828729.49,19.5197093,-96.9155696,0.0012090492004
1521828729.52,19.5197093,-96.9155696,0.0012090492004
1521828729.55,19.5197093,-96.9155696,0.0012090492004
1521828729.56,19.5197093,-96.9155696,0.0012090492004
1521828729.57,19.5197093,-96.9155696,0.0012090492004
1521828729.58,19.5197093,-96.9155696,0.0012090492004
1521828729.6,19.5197093,-96.9155696,0.0012090492004
1521828729.61,19.5197093,-96.9155696,0.0012090492004
1521828729.62,19.5197093,-96.9155696,0.0012090492004
1521828729.67,19.5197093,-96.9155696,0.0012090492004
1521828729.69,19.5197093,-96.9155696,0.0012090492004
1521828729.71,19.5197093,-96.9155696,0.0012090492004
1521828729.72,19.5197093,-96.9155696,0.0012090492004
1521828729.78,19.5197093,-96.9155696,0.0012090492004
1521828729.8,19.5197093,-96.9155696,0.0012090492004
1521828729.81,19.5197093,-96.9155696,0.0012090492004
1521828729.82,19.5197093,-96.9155696,0.0012090492004
1521828729.87,19.5197093,-96.9155696,0.0012090492004
1521828729.89,19.5197093,-96.9155696,0.0012090492004
1521828729.91,19.5197093,-96.9155696,0.0012090492004
1521828729.96,19.5197093,-96.9155696,0.0012090492004
1521828729.97,19.5197093,-96.9155696,0.0012090492004
1521828729.98,19.5197093,-96.9155696,0.0012090492004
1521828729.99,19.5197093,-96.9155696,0.0012090492004
1521828730.01,19.5197093,-96.9155696,0.0012090492004
1521828730.03,19.5197093,-96.9155696,0.0012090492004
1521828730.06,19.5197093,-96.9155696,0.0012090492004
1521828730.07,19.5197093,-96.9155696,0.0012090492004
1521828730.09,19.5197093,-96.9155696,0.0012090492004
1521828730.1,19.5197093,-96.9155696,0.0012090492004
1521828730.11,19.5197093,-96.9155696,0.0012090492004
1521828730.12,19.5197093,-96.9155696,0.0012090492004
1521828730.13,19.5197093,-96.9155696,0.0012090492004
1521828730.18,19.5197093,-96.9155696,0.0012090492004
1521828730.2,19.5197093,-96.9155696,0.0012090492004
1521828730.22,19.5197093,-96.9155696,0.0012090492004
1521828730.23,19.5197093,-96.9155696,0.0012090492004
1521828730.28,19.5197093,-96.9155696,0.0012090492004
1521828730.29,19.5197093,-96.9155696,0.0012090492004
1521828730.3,19.5197093,-96.9155696,0.0012090492004
1521828730.32,19.5197093,-96.9155696,0.0012090492004
1521828730.33,19.5197093,-96.9155696,0.0012090492004
1521828730.38,19.5197093,-96.9155696,0.0012090492004
1521828730.39,19.5197093,-96.9155696,0.0012090492004
1521828730.4,19.5197093,-96.9155696,0.0012090492004
1521828730.41,19.5197093,-96.9155696,0.0012090492004
1521828730.43,19.5197093,-96.9155696,0.0012090492004
1521828730.44,19.5197093,-96.9155696,0.0012090492004
1521828730.48,19.5197093,-96.9155696,0.0012090492004
1521828730.51,19.5197093,-96.9155696,0.0012090492004
1521828730.53,19.5197093,-96.9155696,0.0012090492004
1521828730.54,19.5197093,-96.9155696,0.0012090492004
1521828730.59,19.5197093,-96.9155696,0.0012090492004
1521828730.62,19.5197093,-96.9155696,0.0012090492004
1521828730.63,19.5197093,-96.9155696,0.0012090492004
1521828730.64,19.5197093,-96.9155696,0.0012090492004
1521828730.68,19.5197093,-96.9155696,0.0012090492004
1521828730.72,19.5197093,-96.9155696,0.0012090492004
1521828730.75,19.5197093,-96.9155696,0.0012090492004
1521828730.8,19.5197093,-96.9155696,0.0012090492004
1521828730.81,19.5197093,-96.9155696,0.0012090492004
1521828730.82,19.5197093,-96.9155696,0.0012090492004
1521828730.84,19.5197093,-96.9155696,0.0012090492004
1521828730.85,19.5197093,-96.9155696,0.0012090492004
1521828730.92,19.5197093,-96.9155696,0.0012090492004
1521828730.97,19.5197093,-96.9155696,0.0012090492004
1521828730.99,19.5197093,-96.9155696,0.0012090492004
1521828731.12,19.5197093,-96.9155696,0.0012090492004
1521828731.38,19.5197093,-96.9155696,0.0012090492004
1521828731.45,19.5197093,-96.9155696,0.0012090492004
1521828731.48,19.5197093,-96.9155696,0.0012090492004
1521828731.51,19.5197093,-96.9155696,0.0012090492004
1521828731.52,19.5197093,-96.9155696,0.0012090492004
1521828731.52,19.5197093,-96.9155696,0.0012090492004
1521828731.53,19.5197093,-96.9155696,0.0012090492004
1521828731.54,19.5197093,-96.9155696,0.0012090492004
1521828731.55,19.5197093,-96.9155696,0.0012090492004
1521828731.56,19.5197093,-96.9155696,0.0012090492004
1521828731.61,19.5197093,-96.9155696,0.0012090492004
1521828731.62,19.5197093,-96.9155696,0.0012090492004
1521828731.63,19.5197093,-96.9155696,0.0012090492004
1521828731.64,19.5197093,-96.9155696,0.0012090492004
1521828731.66,19.5197093,-96.9155696,0.0012090492004
1521828731.68,19.5197093,-96.9155696,0.0012090492004
1521828731.72,19.5197093,-96.9155696,0.0012090492004
1521828731.75,19.5197093,-96.9155696,0.0012090492004
1521828731.76,19.5197093,-96.9155696,0.0012090492004
1521828731.79,19.5197093,-96.9155696,0.0012090492004
1521828732.03,19.5197093,-96.9155696,0.0012090492004
1521828732.04,19.5197093,-96.9155696,0.0012090492004
1521828732.05,19.5197093,-96.9155696,0.0012090492004
1521828732.06,19.5197093,-96.9155696,0.0012090492004
1521828732.07,19.5197093,-96.9155696,0.0012090492004
1521828732.12,19.5197093,-96.9155696,0.0012090492004
1521828732.14,19.5197093,-96.9155696,0.0012090492004
1521828732.15,19.5197093,-96.9155696,0.0012090492004
1521828732.17,19.5197093,-96.9155696,0.0012090492004
1521828732.2,19.5197093,-96.9155696,0.0012090492004
1521828732.48,19.5197093,-96.9155696,0.0012090492004
1521828732.54,19.5197093,-96.9155696,0.0012090492004
1521828732.55,19.5197093,-96.9155696,0.0012090492004
1521828732.56,19.5197093,-96.9155696,0.0012090492004
1521828732.58,19.5197093,-96.9155696,0.0012090492004
1521828732.64,19.5197093,-96.9155696,0.0012090492004
1521828732.66,19.5197093,-96.9155696,0.0012090492004
1521828732.67,19.5197093,-96.9155696,0.0012090492004
1521828732.69,19.5197093,-96.9155696,0.0012090492004
1521828732.72,19.5197093,-96.9155696,0.0012090492004
1521828732.76,19.5197093,-96.9155696,0.0012090492004
1521828732.77,19.5197093,-96.9155696,0.0012090492004
1521828732.79,19.5197093,-96.9155696,0.0012090492004
1521828732.82,19.5197093,-96.9155696,0.0012090492004
1521828732.84,19.5197093,-96.9155696,0.0012090492004
1521828732.86,19.5197093,-96.9155696,0.0012090492004
1521828732.87,19.5197093,-96.9155696,0.0012090492004
1521828732.89,19.5197093,-96.9155696,0.0012090492004
1521828732.95,19.5197093,-96.9155696,0.0012090492004
1521828732.96,19.5197093,-96.9155696,0.0012090492004
1521828732.97,19.5197093,-96.9155696,0.0012090492004
1521828732.99,19.5197093,-96.9155696,0.0012090492004
1521828733.0,19.5197093,-96.9155696,0.0012090492004
1521828733.02,19.5197093,-96.9155696,0.0012090492004
1521828733.03,19.5197093,-96.9155696,0.0012090492004
1521828733.04,19.5197093,-96.9155696,0.0012090492004
1521828733.05,19.5197093,-96.9155696,0.0012090492004
1521828733.06,19.5197093,-96.9155696,0.0012090492004
1521828733.08,19.5197093,-96.9155696,0.0012090492004
1521828733.1,19.5197093,-96.9155696,0.0012090492004
1521828733.12,19.5197093,-96.9155696,0.0012090492004
1521828733.15,19.5197093,-96.9155696,0.0012090492004
1521828733.18,19.5197093,-96.9155696,0.0012090492004
1521828733.24,19.5197093,-96.9155696,0.0012090492004
1521828733.29,19.5197093,-96.9155696,0.0012090492004
1521828733.32,19.5197093,-96.9155696,0.0012090492004
1521828733.36,19.5197093,-96.9155696,0.0012090492004
1521828733.38,19.5197093,-96.9155696,0.0012090492004
1521828733.39,19.5197093,-96.9155696,0.0012090492004
1521828733.46,19.5197093,-96.9155696,0.0012090492004
1521828733.48,19.5197093,-96.9155696,0.0012090492004
1521828733.5,19.5197093,-96.9155696,0.0012090492004
1521828733.55,19.5197093,-96.9155696,0.0012090492004
1521828733.58,19.5197093,-96.9155696,0.0012090492004
1521828733.6,19.5197093,-96.9155696,0.0012090492004
1521828733.64,19.5197093,-96.9155696,0.0012090492004
1521828733.69,19.5197093,-96.9155696,0.0012090492004
1521828733.73,19.5197093,-96.9155696,0.0012090492004
1521828733.76,19.5197093,-96.9155696,0.0012090492004
1521828733.76,19.5197093,-96.9155696,0.0012090492004
1521828733.77,19.5197093,-96.9155696,0.0012090492004
1521828733.78,19.5197093,-96.9155696,0.0012090492004
1521828733.79,19.5197093,-96.9155696,0.0012090492004
1521828733.8,19.5197093,-96.9155696,0.0012090492004
1521828733.81,19.5197093,-96.9155696,0.0012090492004
1521828733.84,19.5197093,-96.9155696,0.0012090492004
1521828733.87,19.5197093,-96.9155696,0.0012090492004
1521828733.89,19.5197093,-96.9155696,0.0012090492004
1521828733.92,19.5197093,-96.9155696,0.0012090492004
1521828733.96,19.5197093,-96.9155696,0.0012090492004
1521828733.97,19.5197093,-96.9155696,0.0012090492004
1521828733.98,19.5197093,-96.9155696,0.0012090492004
1521828733.99,19.5197093,-96.9155696,0.0012090492004
1521828734.0,19.5197093,-96.9155696,0.0012090492004
1521828734.0,19.5197093,-96.9155696,0.0012090492004
1521828734.01,19.5197093,-96.9155696,0.0012090492004
1521828734.02,19.5197093,-96.9155696,0.0012090492004
1521828734.08,19.5197093,-96.9155696,0.0012090492004
1521828734.1,19.5197093,-96.9155696,0.0012090492004
1521828734.15,19.5197093,-96.9155696,0.0012090492004
1521828734.17,19.5197093,-96.9155696,0.0012090492004
1521828734.19,19.5197093,-96.9155696,0.0012090492004
1521828734.21,19.5197093,-96.9155696,0.0012090492004
1521828734.22,19.5197093,-96.9155696,0.0012090492004
1521828734.23,19.5197093,-96.9155696,0.0012090492004
1521828734.27,19.5197093,-96.9155696,0.0012090492004
1521828734.29,19.5197093,-96.9155696,0.0012090492004
1521828734.31,19.5197093,-96.9155696,0.0012090492004
1521828734.32,19.5197093,-96.9155696,0.0012090492004
1521828734.35,19.5197093,-96.9155696,0.0012090492004
1521828734.4,19.5197093,-96.9155696,0.0012090492004
1521828734.42,19.5197093,-96.9155696,0.0012090492004
1521828734.43,19.5197093,-96.9155696,0.0012090492004
1521828734.46,19.5197093,-96.9155696,0.0012090492004
1521828734.49,19.5197093,-96.9155696,0.0012090492004
1521828734.5,19.5197093,-96.9155696,0.0012090492004
1521828734.51,19.5197093,-96.9155696,0.0012090492004
1521828734.52,19.5197093,-96.9155696,0.0012090492004
1521828734.56,19.5197093,-96.9155696,0.0012090492004
1521828734.58,19.5197093,-96.9155696,0.0012090492004
1521828734.59,19.5197093,-96.9155696,0.0012090492004
1521828734.61,19.5197093,-96.9155696,0.0012090492004
1521828734.63,19.5197093,-96.9155696,0.0012090492004
1521828734.64,19.5197093,-96.9155696,0.0012090492004
1521828734.69,19.5197093,-96.9155696,0.0012090492004
1521828734.71,19.5197093,-96.9155696,0.0012090492004
1521828734.73,19.5197093,-96.9155696,0.0012090492004
1521828734.76,19.5197093,-96.9155696,0.0012090492004
1521828734.79,19.5197093,-96.9155696,0.0012090492004
1521828734.8,19.5197093,-96.9155696,0.0012090492004
1521828734.81,19.5197093,-96.9155696,0.0012090492004
1521828734.83,19.5197093,-96.9155696,0.0012090492004
1521828734.84,19.5197093,-96.9155696,0.0012090492004
1521828734.88,19.5197093,-96.9155696,0.0012090492004
1521828734.89,19.5197093,-96.9155696,0.0012090492004
1521828734.92,19.5197093,-96.9155696,0.0012090492004
1521828734.92,19.5197093,-96.9155696,0.0012090492004
1521828734.98,19.5197093,-96.9155696,0.0012090492004
1521828735.0,19.5197093,-96.9155696,0.0012090492004
1521828735.01,19.5197093,-96.9155696,0.0012090492004
1521828735.02,19.5197093,-96.9155696,0.0012090492004
1521828735.03,19.5197093,-96.9155696,0.0012090492004
1521828735.04,19.5197093,-96.9155696,0.0012090492004
1521828735.07,19.5197093,-96.9155696,0.0012090492004
1521828735.09,19.5197093,-96.9155696,0.0012090492004
1521828735.1,19.5197093,-96.9155696,0.0012090492004
1521828735.12,19.5197093,-96.9155696,0.0012090492004
1521828735.14,19.5197093,-96.9155696,0.0012090492004
1521828735.15,19.5197093,-96.9155696,0.0012090492004
1521828735.21,19.5197093,-96.9155696,0.0012090492004
1521828735.22,19.5197093,-96.9155696,0.0012090492004
1521828735.24,19.5197093,-96.9155696,0.0012090492004
1521828735.25,19.5197093,-96.9155696,0.0012090492004
1521828735.31,19.5197093,-96.9155696,0.0012090492004
1521828735.32,19.5197093,-96.9155696,0.0012090492004
1521828735.33,19.5197093,-96.9155696,0.0012090492004
1521828735.34,19.5197093,-96.9155696,0.0012090492004
1521828735.37,19.5197093,-96.9155696,0.0012090492004
1521828735.41,19.5197093,-96.9155696,0.0012090492004
1521828735.42,19.5197093,-96.9155696,0.0012090492004
1521828735.43,19.5197093,-96.9155696,0.0012090492004
1521828735.47,19.5197093,-96.9155696,0.0012090492004
1521828735.5,19.5197093,-96.9155696,0.0012090492004
1521828735.52,19.5197093,-96.9155696,0.0012090492004
1521828735.53,19.5197093,-96.9155696,0.0012090492004
1521828735.54,19.5197093,-96.9155696,0.0012090492004
1521828735.55,19.5197093,-96.9155696,0.0012090492004
1521828735.6,19.5197093,-96.9155696,0.0012090492004
1521828735.62,19.5197093,-96.9155696,0.0012090492004
1521828735.63,19.5197093,-96.9155696,0.0012090492004
1521828735.63,19.5197093,-96.9155696,0.0012090492004
1521828735.65,19.5197093,-96.9155696,0.0012090492004
1521828735.66,19.5197093,-96.9155696,0.0012090492004
1521828735.7,19.5197093,-96.9155696,0.0012090492004
1521828735.72,19.5197093,-96.9155696,0.0012090492004
1521828735.73,19.5197093,-96.9155696,0.0012090492004
1521828735.75,19.5197093,-96.9155696,0.0012090492004
1521828735.76,19.5197093,-96.9155696,0.0012090492004
1521828735.8,19.5197093,-96.9155696,0.0012090492004
1521828735.84,19.5197093,-96.9155696,0.0012090492004
1521828735.85,19.5197093,-96.9155696,0.0012090492004
1521828735.87,19.5197093,-96.9155696,0.0012090492004
1521828735.91,19.5197093,-96.9155696,0.0012090492004
1521828735.93,19.5197093,-96.9155696,0.0012090492004
1521828735.97,19.5197093,-96.9155696,0.0012090492004
1521828735.99,19.5197093,-96.9155696,0.0012090492004
1521828736.01,19.5197093,-96.9155696,0.0012090492004
1521828736.02,19.5197093,-96.9155696,0.0012090492004
1521828736.04,19.5197093,-96.9155696,0.0012090492004
1521828736.05,19.5197093,-96.9155696,0.0012090492004
1521828736.05,19.5197093,-96.9155696,0.0012090492004
1521828736.06,19.5197093,-96.9155696,0.0012090492004
1521828736.07,19.5197093,-96.9155696,0.0012090492004
1521828736.1,19.5197093,-96.9155696,0.0012090492004
1521828736.11,19.5197093,-96.9155696,0.0012090492004
1521828736.12,19.5197093,-96.9155696,0.0012090492004
1521828736.13,19.5197093,-96.9155696,0.0012090492004
1521828736.14,19.5197093,-96.9155696,0.0012090492004
1521828736.15,19.5197093,-96.9155696,0.0012090492004
1521828736.16,19.5197093,-96.9155696,0.0012090492004
1521828736.17,19.5197093,-96.9155696,0.0012090492004
1521828736.19,19.5197093,-96.9155696,0.0012090492004
1521828736.23,19.5197093,-96.9155696,0.0012090492004
1521828736.24,19.5197093,-96.9155696,0.0012090492004
1521828736.26,19.5197093,-96.9155696,0.0012090492004
1521828736.27,19.5197093,-96.9155696,0.0012090492004
1521828736.28,19.5197093,-96.9155696,0.0012090492004
1521828736.31,19.5197093,-96.9155696,0.0012090492004
1521828736.32,19.5197093,-96.9155696,0.0012090492004
1521828736.33,19.5197093,-96.9155696,0.0012090492004
1521828736.34,19.5197093,-96.9155696,0.0012090492004
1521828736.35,19.5197093,-96.9155696,0.0012090492004
1521828736.36,19.5197093,-96.9155696,0.0012090492004
1521828736.37,19.5197093,-96.9155696,0.0012090492004
1521828736.38,19.5197093,-96.9155696,0.0012090492004
1521828736.43,19.5197093,-96.9155696,0.0012090492004
1521828736.45,19.5197093,-96.9155696,0.0012090492004
1521828736.46,19.5197093,-96.9155696,0.0012090492004
1521828736.48,19.5197093,-96.9155696,0.0012090492004
1521828736.5,19.5197093,-96.9155696,0.0012090492004
1521828736.52,19.5197093,-96.9155696,0.0012090492004
1521828736.53,19.5197093,-96.9155696,0.0012090492004
1521828736.54,19.5197093,-96.9155696,0.0012090492004
1521828736.55,19.5197093,-96.9155696,0.0012090492004
1521828736.56,19.5197093,-96.9155696,0.0012090492004
1521828736.57,19.5197093,-96.9155696,0.0012090492004
1521828736.57,19.5197093,-96.9155696,0.0012090492004
1521828736.59,19.5197093,-96.9155696,0.0012090492004
1521828736.67,19.5197093,-96.9155696,0.0012090492004
1521828736.68,19.5197093,-96.9155696,0.0012090492004
1521828736.73,19.5197093,-96.9155696,0.0012090492004
1521828736.77,19.5197093,-96.9155696,0.0012090492004
1521828736.83,19.5197093,-96.9155696,0.0012090492004
1521828736.85,19.5197093,-96.9155696,0.0012090492004
1521828736.86,19.5197093,-96.9155696,0.0012090492004
1521828736.87,19.5197093,-96.9155696,0.0012090492004
1521828736.88,19.5197093,-96.9155696,0.0012090492004
1521828736.91,19.5197093,-96.9155696,0.0012090492004
1521828737.16,19.5197093,-96.9155696,0.0012090492004
1521828737.19,19.5197093,-96.9155696,0.0012090492004
1521828737.24,19.5197093,-96.9155696,0.0012090492004
1521828737.25,19.5197093,-96.9155696,0.0012090492004
1521828737.27,19.5197093,-96.9155696,0.0012090492004
1521828737.28,19.5197093,-96.9155696,0.0012090492004
1521828737.29,19.5197093,-96.9155696,0.0012090492004
1521828737.3,19.5197093,-96.9155696,0.0012090492004
1521828737.34,19.5197093,-96.9155696,0.0012090492004
1521828737.35,19.5197093,-96.9155696,0.0012090492004
1521828737.36,19.5197093,-96.9155696,0.0012090492004
1521828737.38,19.5197093,-96.9155696,0.0012090492004
1521828737.4,19.5197093,-96.9155696,0.0012090492004
1521828737.4,19.5197093,-96.9155696,0.0012090492004
1521828737.45,19.5197093,-96.9155696,0.0012090492004
1521828737.46,19.5197093,-96.9155696,0.0012090492004
1521828737.47,19.5197093,-96.9155696,0.0012090492004
1521828737.48,19.5197093,-96.9155696,0.0012090492004
1521828737.5,19.5197093,-96.9155696,0.0012090492004
1521828737.53,19.5197093,-96.9155696,0.0012090492004
1521828737.54,19.5197093,-96.9155696,0.0012090492004
1521828737.54,19.5197093,-96.9155696,0.0012090492004
1521828737.55,19.5197093,-96.9155696,0.0012090492004
1521828737.56,19.5197093,-96.9155696,0.0012090492004
1521828737.56,19.5197093,-96.9155696,0.0012090492004
1521828737.57,19.5197093,-96.9155696,0.0012090492004
1521828737.58,19.5197093,-96.9155696,0.0012090492004
1521828737.59,19.5197093,-96.9155696,0.0012090492004
1521828737.61,19.5197093,-96.9155696,0.0012090492004
1521828737.64,19.5197093,-96.9155696,0.0012090492004
1521828737.67,19.5197093,-96.9155696,0.0012090492004
1521828737.68,19.5197093,-96.9155696,0.0012090492004
1521828737.68,19.5197093,-96.9155696,0.0012090492004
1521828737.69,19.5197093,-96.9155696,0.0012090492004
1521828737.69,19.5197093,-96.9155696,0.0012090492004
1521828737.71,19.5197093,-96.9155696,0.0012090492004
1521828737.74,19.5197093,-96.9155696,0.0012090492004
1521828737.75,19.5197093,-96.9155696,0.0012090492004
1521828737.76,19.5197093,-96.9155696,0.0012090492004
1521828737.77,19.5197093,-96.9155696,0.0012090492004
1521828737.77,19.5197093,-96.9155696,0.0012090492004
1521828737.78,19.5197093,-96.9155696,0.0012090492004
1521828737.79,19.5197093,-96.9155696,0.0012090492004
1521828737.84,19.5197093,-96.9155696,0.0012090492004
1521828737.87,19.5197093,-96.9155696,0.0012090492004
1521828737.87,19.5197093,-96.9155696,0.0012090492004
1521828737.88,19.5197093,-96.9155696,0.0012090492004
1521828737.88,19.5197093,-96.9155696,0.0012090492004
1521828737.89,19.5197093,-96.9155696,0.0012090492004
1521828737.9,19.5197093,-96.9155696,0.0012090492004
1521828737.93,19.5197093,-96.9155696,0.0012090492004
1521828737.96,19.5197093,-96.9155696,0.0012090492004
1521828737.96,19.5197093,-96.9155696,0.0012090492004
1521828737.98,19.5197093,-96.9155696,0.0012090492004
1521828737.99,19.5197093,-96.9155696,0.0012090492004
1521828738.0,19.5197093,-96.9155696,0.0012090492004
1521828738.03,19.5197093,-96.9155696,0.0012090492004
1521828738.06,19.5197093,-96.9155696,0.0012090492004
1521828738.07,19.5197093,-96.9155696,0.0012090492004
1521828738.08,19.5197093,-96.9155696,0.0012090492004
1521828738.1,19.5197093,-96.9155696,0.0012090492004
1521828738.12,19.5197093,-96.9155696,0.0012090492004
1521828738.18,19.5197093,-96.9155696,0.0012090492004
1521828738.24,19.5197093,-96.9155696,0.0012090492004
1521828738.3,19.5197093,-96.9155696,0.0012090492004
1521828738.32,19.5197093,-96.9155696,0.0012090492004
1521828738.36,19.5197093,-96.9155696,0.0012090492004
1521828738.4,19.5197093,-96.9155696,0.0012090492004
1521828738.41,19.5197093,-96.9155696,0.0012090492004
1521828738.42,19.5197093,-96.9155696,0.0012090492004
1521828738.45,19.5197093,-96.9155696,0.0012090492004
1521828738.47,19.5197093,-96.9155696,0.0012090492004
1521828738.48,19.5197093,-96.9155696,0.0012090492004
1521828738.49,19.5197093,-96.9155696,0.0012090492004
1521828738.5,19.5197093,-96.9155696,0.0012090492004
1521828738.5,19.5197093,-96.9155696,0.0012090492004
1521828738.53,19.5197093,-96.9155696,0.0012090492004
1521828738.68,19.5197093,-96.9155696,0.0012090492004
1521828738.7,19.5197093,-96.9155696,0.0012090492004
1521828738.72,19.5197093,-96.9155696,0.0012090492004
1521828738.76,19.5197093,-96.9155696,0.0012090492004
1521828738.78,19.5197093,-96.9155696,0.0012090492004
1521828738.79,19.5197093,-96.9155696,0.0012090492004
1521828738.8,19.5197093,-96.9155696,0.0012090492004
1521828738.82,19.5197093,-96.9155696,0.0012090492004
1521828738.83,19.5197093,-96.9155696,0.0012090492004
1521828738.89,19.5197093,-96.9155696,0.0012090492004
1521828738.98,19.5197093,-96.9155696,0.0012090492004
1521828739.01,19.5197093,-96.9155696,0.0012090492004
1521828739.03,19.5197093,-96.9155696,0.0012090492004
1521828739.04,19.5197093,-96.9155696,0.0012090492004
1521828739.08,19.5197093,-96.9155696,0.0012090492004
1521828739.09,19.5197093,-96.9155696,0.0012090492004
1521828739.11,19.5197093,-96.9155696,0.0012090492004
1521828739.13,19.5197093,-96.9155696,0.0012090492004
1521828739.17,19.5197093,-96.9155696,0.0012090492004
1521828739.32,19.5197093,-96.9155696,0.0012090492004
1521828739.34,19.5197093,-96.9155696,0.0012090492004
1521828739.43,19.5197093,-96.9155696,0.0012090492004
1521828739.55,19.5197093,-96.9155696,0.0012090492004
1521828739.66,19.5197093,-96.9155696,0.0012090492004
1521828739.71,19.5197093,-96.9155696,0.0012090492004
1521828739.75,19.5197093,-96.9155696,0.0012090492004
1521828739.78,19.5197093,-96.9155696,0.0012090492004
1521828739.82,19.5197093,-96.9155696,0.0012090492004
1521828739.83,19.5197093,-96.9155696,0.0012090492004
1521828739.85,19.5197093,-96.9155696,0.0012090492004
1521828739.88,19.5197093,-96.9155696,0.0012090492004
1521828739.9,19.5197093,-96.9155696,0.0012090492004
1521828739.95,19.5197093,-96.9155696,0.0012090492004
1521828739.96,19.5197093,-96.9155696,0.0012090492004
1521828739.98,19.5197093,-96.9155696,0.0012090492004
1521828740.01,19.5197093,-96.9155696,0.0012090492004
1521828740.03,19.5197093,-96.9155696,0.0012090492004
1521828740.04,19.5197093,-96.9155696,0.0012090492004
1521828740.05,19.5197093,-96.9155696,0.0012090492004
1521828740.05,19.5197093,-96.9155696,0.0012090492004
1521828740.06,19.5197093,-96.9155696,0.0012090492004
1521828740.08,19.5197093,-96.9155696,0.0012090492004
1521828740.13,19.5197093,-96.9155696,0.0012090492004
1521828740.16,19.5197093,-96.9155696,0.0012090492004
1521828740.2,19.5197093,-96.9155696,0.0012090492004
1521828740.23,19.5197093,-96.9155696,0.0012090492004
1521828740.24,19.5197093,-96.9155696,0.0012090492004
1521828740.27,19.5197093,-96.9155696,0.0012090492004
1521828740.34,19.5197093,-96.9155696,0.0012090492004
1521828740.43,19.5197093,-96.9155696,0.0012090492004
1521828740.53,19.5197093,-96.9155696,0.0012090492004
1521828740.6,19.5197093,-96.9155696,0.0012090492004
1521828740.67,19.5197093,-96.9155696,0.0012090492004
1521828740.72,19.5197093,-96.9155696,0.0012090492004
1521828740.74,19.5197093,-96.9155696,0.0012090492004
1521828740.76,19.5197093,-96.9155696,0.0012090492004
1521828740.77,19.5197093,-96.9155696,0.0012090492004
1521828740.82,19.5197093,-96.9155696,0.0012090492004
1521828740.83,19.5197093,-96.9155696,0.0012090492004
1521828740.85,19.5197093,-96.9155696,0.0012090492004
1521828740.92,19.5197093,-96.9155696,0.0012090492004
1521828740.98,19.5197093,-96.9155696,0.0012090492004
1521828741.04,19.5197093,-96.9155696,0.0012090492004
1521828741.06,19.5197093,-96.9155696,0.0012090492004
1521828741.07,19.5197093,-96.9155696,0.0012090492004
1521828741.07,19.5197093,-96.9155696,0.0012090492004
1521828741.08,19.5197093,-96.9155696,0.0012090492004
1521828741.09,19.5197093,-96.9155696,0.0012090492004
1521828741.14,19.5197093,-96.9155696,0.0012090492004
1521828741.15,19.5197093,-96.9155696,0.0012090492004
1521828741.16,19.5197093,-96.9155696,0.0012090492004
1521828741.17,19.5197093,-96.9155696,0.0012090492004
1521828741.19,19.5197093,-96.9155696,0.0012090492004
1521828741.24,19.5197093,-96.9155696,0.0012090492004
1521828741.25,19.5197093,-96.9155696,0.0012090492004
1521828741.26,19.5197093,-96.9155696,0.0012090492004
1521828741.28,19.5197093,-96.9155696,0.0012090492004
1521828741.31,19.5197093,-96.9155696,0.0012090492004
1521828741.35,19.5197093,-96.9155696,0.0012090492004
1521828741.38,19.5197093,-96.9155696,0.0012090492004
1521828741.44,19.5197093,-96.9155696,0.0012090492004
1521828741.45,19.5197093,-96.9155696,0.0012090492004
1521828741.46,19.5197093,-96.9155696,0.0012090492004
1521828741.47,19.5197093,-96.9155696,0.0012090492004
1521828741.48,19.5197093,-96.9155696,0.0012090492004
1521828741.49,19.5197093,-96.9155696,0.0012090492004
1521828741.52,19.5197093,-96.9155696,0.0012090492004
1521828741.53,19.5197093,-96.9155696,0.0012090492004
1521828741.54,19.5197093,-96.9155696,0.0012090492004
1521828741.55,19.5197093,-96.9155696,0.0012090492004
1521828741.56,19.5197093,-96.9155696,0.0012090492004
1521828741.57,19.5197093,-96.9155696,0.0012090492004
1521828741.59,19.5197093,-96.9155696,0.0012090492004
1521828741.63,19.5197093,-96.9155696,0.0012090492004
1521828741.64,19.5197093,-96.9155696,0.0012090492004
1521828741.65,19.5197093,-96.9155696,0.0012090492004
1521828741.67,19.5197093,-96.9155696,0.0012090492004
1521828741.68,19.5197093,-96.9155696,0.0012090492004
1521828741.7,19.5197093,-96.9155696,0.0012090492004
1521828741.74,19.5197093,-96.9155696,0.0012090492004
1521828741.77,19.5197093,-96.9155696,0.0012090492004
1521828741.79,19.5197093,-96.9155696,0.0012090492004
1521828741.8,19.5197093,-96.9155696,0.0012090492004
1521828741.83,19.5197093,-96.9155696,0.0012090492004
1521828741.86,19.5197093,-96.9155696,0.0012090492004
1521828741.87,19.5197093,-96.9155696,0.0012090492004
1521828741.89,19.5197093,-96.9155696,0.0012090492004
1521828741.9,19.5197093,-96.9155696,0.0012090492004
1521828741.93,19.5197093,-96.9155696,0.0012090492004
1521828741.95,19.5197093,-96.9155696,0.0012090492004
1521828741.96,19.5197093,-96.9155696,0.0012090492004
1521828741.99,19.5197093,-96.9155696,0.0012090492004
1521828741.99,19.5197093,-96.9155696,0.0012090492004
1521828742.01,19.5197093,-96.9155696,0.0012090492004
1521828742.05,19.5197093,-96.9155696,0.0012090492004
1521828742.06,19.5197093,-96.9155696,0.0012090492004
1521828742.08,19.5197093,-96.9155696,0.0012090492004
1521828742.09,19.5197093,-96.9155696,0.0012090492004
1521828742.11,19.5197093,-96.9155696,0.0012090492004
1521828742.15,19.5197093,-96.9155696,0.0012090492004
1521828742.17,19.5197093,-96.9155696,0.0012090492004
1521828742.19,19.5197093,-96.9155696,0.0012090492004
1521828742.22,19.5197093,-96.9155696,0.0012090492004
1521828742.27,19.5197093,-96.9155696,0.0012090492004
1521828742.28,19.5197093,-96.9155696,0.0012090492004
1521828742.29,19.5197093,-96.9155696,0.0012090492004
1521828742.31,19.5197093,-96.9155696,0.0012090492004
1521828742.36,19.5197093,-96.9155696,0.0012090492004
1521828742.38,19.5197093,-96.9155696,0.0012090492004
1521828742.41,19.5197093,-96.9155696,0.0012090492004
1521828742.58,19.5197093,-96.9155696,0.0012090492004
1521828742.69,19.5197093,-96.9155696,0.0012090492004
1521828742.71,19.5197093,-96.9155696,0.0012090492004
1521828742.72,19.5197093,-96.9155696,0.0012090492004
1521828742.79,19.5197093,-96.9155696,0.0012090492004
1521828742.81,19.5197093,-96.9155696,0.0012090492004
1521828742.82,19.5197093,-96.9155696,0.0012090492004
1521828742.83,19.5197093,-96.9155696,0.0012090492004
1521828742.87,19.5197093,-96.9155696,0.0012090492004
1521828742.88,19.5197093,-96.9155696,0.0012090492004
1521828742.91,19.5197093,-96.9155696,0.0012090492004
1521828742.93,19.5197093,-96.9155696,0.0012090492004
1521828742.97,19.5197093,-96.9155696,0.0012090492004
1521828742.99,19.5197093,-96.9155696,0.0012090492004
1521828742.99,19.5197093,-96.9155696,0.0012090492004
1521828743.0,19.5197093,-96.9155696,0.0012090492004
1521828743.01,19.5197093,-96.9155696,0.0012090492004
1521828743.02,19.5197093,-96.9155696,0.0012090492004
1521828743.06,19.5197093,-96.9155696,0.0012090492004
1521828743.07,19.5197093,-96.9155696,0.0012090492004
1521828743.08,19.5197093,-96.9155696,0.0012090492004
1521828743.09,19.5197093,-96.9155696,0.0012090492004
1521828743.1,19.5197093,-96.9155696,0.0012090492004
1521828743.1,19.5197093,-96.9155696,0.0012090492004
1521828743.12,19.5197093,-96.9155696,0.0012090492004
1521828743.13,19.5197093,-96.9155696,0.0012090492004
1521828743.15,19.5197093,-96.9155696,0.0012090492004
1521828743.18,19.5197093,-96.9155696,0.0012090492004
1521828743.19,19.5197093,-96.9155696,0.0012090492004
1521828743.2,19.5197093,-96.9155696,0.0012090492004
1521828743.22,19.5197093,-96.9155696,0.0012090492004
1521828743.23,19.5197093,-96.9155696,0.0012090492004
1521828743.24,19.5197093,-96.9155696,0.0012090492004
1521828743.28,19.5197093,-96.9155696,0.0012090492004
1521828743.29,19.5197093,-96.9155696,0.0012090492004
1521828743.3,19.5197093,-96.9155696,0.0012090492004
1521828743.32,19.5197093,-96.9155696,0.0012090492004
1521828743.33,19.5197093,-96.9155696,0.0012090492004
1521828743.34,19.5197093,-96.9155696,0.0012090492004
1521828743.37,19.5197093,-96.9155696,0.0012090492004
1521828743.39,19.5197093,-96.9155696,0.0012090492004
1521828743.41,19.5197093,-96.9155696,0.0012090492004
1521828743.45,19.5197093,-96.9155696,0.0012090492004
1521828743.48,19.5197093,-96.9155696,0.0012090492004
1521828743.53,19.5197093,-96.9155696,0.0012090492004
1521828743.59,19.5197093,-96.9155696,0.0012090492004
1521828743.63,19.5197093,-96.9155696,0.0012090492004
1521828743.65,19.5197093,-96.9155696,0.0012090492004
1521828743.69,19.5197093,-96.9155696,0.0012090492004
1521828743.71,19.5197093,-96.9155696,0.0012090492004
1521828743.73,19.5197093,-96.9155696,0.0012090492004
1521828743.74,19.5197093,-96.9155696,0.0012090492004
1521828743.77,19.5197093,-96.9155696,0.0012090492004
1521828743.8,19.5197093,-96.9155696,0.0012090492004
1521828743.82,19.5197093,-96.9155696,0.0012090492004
1521828743.91,19.5197093,-96.9155696,0.0012090492004
1521828743.94,19.5197093,-96.9155696,0.0012090492004
1521828743.96,19.5197093,-96.9155696,0.0012090492004
1521828744.0,19.5197093,-96.9155696,0.0012090492004
1521828744.05,19.5197093,-96.9155696,0.0012090492004
1521828744.05,19.5197093,-96.9155696,0.0012090492004
1521828744.06,19.5197093,-96.9155696,0.0012090492004
1521828744.11,19.5197093,-96.9155696,0.0012090492004
1521828744.13,19.5197093,-96.9155696,0.0012090492004
1521828744.14,19.5197093,-96.9155696,0.0012090492004
1521828744.2,19.5197093,-96.9155696,0.0012090492004
1521828744.21,19.5197093,-96.9155696,0.0012090492004
1521828744.23,19.5197093,-96.9155696,0.0012090492004
1521828744.23,19.5197093,-96.9155696,0.0012090492004
1521828744.24,19.5197093,-96.9155696,0.0012090492004
1521828744.25,19.5197093,-96.9155696,0.0012090492004
1521828744.32,19.5197093,-96.9155696,0.0012090492004
1521828744.34,19.5197093,-96.9155696,0.0012090492004
1521828744.37,19.5197093,-96.9155696,0.0012090492004
1521828744.42,19.5197093,-96.9155696,0.0012090492004
1521828744.55,19.5197093,-96.9155696,0.0012090492004
1521828744.57,19.5197093,-96.9155696,0.0012090492004
1521828744.62,19.5197093,-96.9155696,0.0012090492004
1521828744.63,19.5197093,-96.9155696,0.0012090492004
1521828744.64,19.5197093,-96.9155696,0.0012090492004
1521828744.7,19.5197093,-96.9155696,0.0012090492004
1521828744.74,19.5197093,-96.9155696,0.0012090492004
1521828744.75,19.5197093,-96.9155696,0.0012090492004
1521828744.76,19.5197093,-96.9155696,0.0012090492004
1521828744.78,19.5197093,-96.9155696,0.0012090492004
1521828744.82,19.5197093,-96.9155696,0.0012090492004
1521828744.83,19.5197093,-96.9155696,0.0012090492004
1521828744.84,19.5197093,-96.9155696,0.0012090492004
1521828744.86,19.5197093,-96.9155696,0.0012090492004
1521828744.87,19.5197093,-96.9155696,0.0012090492004
1521828744.88,19.5197093,-96.9155696,0.0012090492004
1521828744.93,19.5197093,-96.9155696,0.0012090492004
1521828744.96,19.5197093,-96.9155696,0.0012090492004
1521828745.0,19.5197093,-96.9155696,0.0012090492004
1521828745.05,19.5197093,-96.9155696,0.0012090492004
1521828745.06,19.5197093,-96.9155696,0.0012090492004
1521828745.07,19.5197093,-96.9155696,0.0012090492004
1521828745.12,19.5197093,-96.9155696,0.0012090492004
1521828745.14,19.5197093,-96.9155696,0.0012090492004
1521828745.16,19.5197093,-96.9155696,0.0012090492004
1521828745.17,19.5197093,-96.9155696,0.0012090492004
1521828745.18,19.5197093,-96.9155696,0.0012090492004
1521828745.2,19.5197093,-96.9155696,0.0012090492004
1521828745.24,19.5197093,-96.9155696,0.0012090492004
1521828745.25,19.5197093,-96.9155696,0.0012090492004
1521828745.26,19.5197093,-96.9155696,0.0012090492004
1521828745.28,19.5197093,-96.9155696,0.0012090492004
1521828745.29,19.5197093,-96.9155696,0.0012090492004
1521828745.32,19.5197093,-96.9155696,0.0012090492004
1521828745.34,19.5197093,-96.9155696,0.0012090492004
1521828745.35,19.5197093,-96.9155696,0.0012090492004
1521828745.36,19.5197093,-96.9155696,0.0012090492004
1521828745.37,19.5197093,-96.9155696,0.0012090492004
1521828745.41,19.5197093,-96.9155696,0.0012090492004
1521828745.45,19.5197093,-96.9155696,0.0012090492004
1521828745.47,19.5197093,-96.9155696,0.0012090492004
1521828745.48,19.5197093,-96.9155696,0.0012090492004
1521828745.49,19.5197093,-96.9155696,0.0012090492004
1521828745.53,19.5197093,-96.9155696,0.0012090492004
1521828745.56,19.5197093,-96.9155696,0.0012090492004
1521828745.57,19.5197093,-96.9155696,0.0012090492004
1521828745.58,19.5197093,-96.9155696,0.0012090492004
1521828745.59,19.5197093,-96.9155696,0.0012090492004
1521828745.64,19.5197093,-96.9155696,0.0012090492004
1521828745.66,19.5197093,-96.9155696,0.0012090492004
1521828745.68,19.5197093,-96.9155696,0.0012090492004
1521828745.69,19.5197093,-96.9155696,0.0012090492004
1521828745.7,19.5197093,-96.9155696,0.0012090492004
1521828745.77,19.5197093,-96.9155696,0.0012090492004
1521828745.79,19.5197093,-96.9155696,0.0012090492004
1521828745.86,19.5197093,-96.9155696,0.0012090492004
1521828745.88,19.5197093,-96.9155696,0.0012090492004
1521828745.92,19.5197093,-96.9155696,0.0012090492004
1521828745.97,19.5197093,-96.9155696,0.0012090492004
1521828745.97,19.5197093,-96.9155696,0.0012090492004
1521828745.98,19.5197093,-96.9155696,0.0012090492004
1521828745.99,19.5197093,-96.9155696,0.0012090492004
1521828745.99,19.5197093,-96.9155696,0.0012090492004
1521828746.0,19.5197093,-96.9155696,0.0012090492004
1521828746.07,19.5197093,-96.9155696,0.0012090492004
1521828746.09,19.5197093,-96.9155696,0.0012090492004
1521828746.1,19.5197093,-96.9155696,0.0012090492004
1521828746.13,19.5197093,-96.9155696,0.0012090492004
1521828746.16,19.5197093,-96.9155696,0.0012090492004
1521828746.16,19.5197093,-96.9155696,0.0012090492004
1521828746.17,19.5197093,-96.9155696,0.0012090492004
1521828746.26,19.5197093,-96.9155696,0.0012090492004
1521828746.29,19.5197093,-96.9155696,0.0012090492004
1521828746.34,19.5197093,-96.9155696,0.0012090492004
1521828746.35,19.5197093,-96.9155696,0.0012090492004
1521828746.36,19.5197093,-96.9155696,0.0012090492004
1521828746.38,19.5197093,-96.9155696,0.0012090492004
1521828746.41,19.5197093,-96.9155696,0.0012090492004
1521828746.64,19.5197093,-96.9155696,0.0012090492004
1521828746.88,19.5197093,-96.9155696,0.0012090492004
1521828747.0,19.5197093,-96.9155696,0.0012090492004
1521828747.0,19.5197093,-96.9155696,0.0012090492004
1521828747.01,19.5197093,-96.9155696,0.0012090492004
1521828747.39,19.5197093,-96.9155696,0.0012090492004
1521828747.67,19.5197093,-96.9155696,0.0012090492004
1521828747.86,19.5197093,-96.9155696,0.0012090492004
1521828747.9,19.5197093,-96.9155696,0.0012090492004
1521828747.91,19.5197093,-96.9155696,0.0012090492004
1521828747.92,19.5197093,-96.9155696,0.0012090492004
1521828747.92,19.5197093,-96.9155696,0.0012090492004
1521828747.93,19.5197093,-96.9155696,0.0012090492004
1521828747.94,19.5197093,-96.9155696,0.0012090492004
1521828747.97,19.5197093,-96.9155696,0.0012090492004
1521828747.99,19.5197093,-96.9155696,0.0012090492004
1521828747.99,19.5197093,-96.9155696,0.0012090492004
1521828748.0,19.5197093,-96.9155696,0.0012090492004
1521828748.01,19.5197093,-96.9155696,0.0012090492004
1521828748.01,19.5197093,-96.9155696,0.0012090492004
1521828748.02,19.5197093,-96.9155696,0.0012090492004
1521828748.03,19.5197093,-96.9155696,0.0012090492004
1521828748.03,19.5197093,-96.9155696,0.0012090492004
1521828748.04,19.5197093,-96.9155696,0.0012090492004
1521828748.05,19.5197093,-96.9155696,0.0012090492004
1521828748.05,19.5197093,-96.9155696,0.0012090492004
1521828748.22,19.5197093,-96.9155696,0.0012090492004
1521828748.23,19.5197093,-96.9155696,0.0012090492004
1521828748.23,19.5197093,-96.9155696,0.0012090492004
1521828748.24,19.5197093,-96.9155696,0.0012090492004
1521828748.24,19.5197093,-96.9155696,0.0012090492004
1521828748.25,19.5197093,-96.9155696,0.0012090492004
1521828748.25,19.5197093,-96.9155696,0.0012090492004
1521828748.27,19.5197093,-96.9155696,0.0012090492004
1521828748.3,19.5197093,-96.9155696,0.0012090492004
1521828748.3,19.5197093,-96.9155696,0.0012090492004
1521828748.31,19.5197093,-96.9155696,0.0012090492004
1521828748.43,19.5197093,-96.9155696,0.0012090492004
1521828748.45,19.5197093,-96.9155696,0.0012090492004
1521828748.46,19.5197093,-96.9155696,0.0012090492004
1521828748.52,19.5197093,-96.9155696,0.0012090492004
1521828748.64,19.5197093,-96.9155696,0.0012090492004
1521828748.65,19.5197093,-96.9155696,0.0012090492004
1521828748.66,19.5197093,-96.9155696,0.0012090492004
1521828748.68,19.5197093,-96.9155696,0.0012090492004
1521828748.71,19.5197093,-96.9155696,0.0012090492004
1521828748.71,19.5197093,-96.9155696,0.0012090492004
1521828748.73,19.5197093,-96.9155696,0.0012090492004
1521828748.85,19.5197093,-96.9155696,0.0012090492004
1521828748.86,19.5197093,-96.9155696,0.0012090492004
1521828748.86,19.5197093,-96.9155696,0.0012090492004
1521828748.87,19.5197093,-96.9155696,0.0012090492004
1521828748.89,19.5197093,-96.9155696,0.0012090492004
1521828748.91,19.5197093,-96.9155696,0.0012090492004
1521828748.91,19.5197093,-96.9155696,0.0012090492004
1521828748.92,19.5197093,-96.9155696,0.0012090492004
1521828748.94,19.5197093,-96.9155696,0.0012090492004
1521828748.95,19.5197093,-96.9155696,0.0012090492004
1521828749.06,19.5197093,-96.9155696,0.0012090492004
1521828749.09,19.5197093,-96.9155696,0.0012090492004
1521828749.14,19.5197093,-96.9155696,0.0012090492004
1521828749.15,19.5197093,-96.9155696,0.0012090492004
1521828749.18,19.5197093,-96.9155696,0.0012090492004
1521828749.2,19.5197093,-96.9155696,0.0012090492004
1521828749.22,19.5197093,-96.9155696,0.0012090492004
1521828749.23,19.5197093,-96.9155696,0.0012090492004
1521828749.24,19.5197093,-96.9155696,0.0012090492004
1521828749.24,19.5197093,-96.9155696,0.0012090492004
1521828749.25,19.5197093,-96.9155696,0.0012090492004
1521828749.25,19.5197093,-96.9155696,0.0012090492004
1521828749.26,19.5197093,-96.9155696,0.0012090492004
1521828749.27,19.5197093,-96.9155696,0.0012090492004
1521828749.3,19.5197093,-96.9155696,0.0012090492004
1521828749.32,19.5197093,-96.9155696,0.0012090492004
1521828749.33,19.5197093,-96.9155696,0.0012090492004
1521828749.33,19.5197093,-96.9155696,0.0012090492004
1521828749.34,19.5197093,-96.9155696,0.0012090492004
1521828749.35,19.5197093,-96.9155696,0.0012090492004
1521828749.36,19.5197093,-96.9155696,0.0012090492004
1521828749.36,19.5197093,-96.9155696,0.0012090492004
1521828749.37,19.5197093,-96.9155696,0.0012090492004
1521828749.38,19.5197093,-96.9155696,0.0012090492004
1521828749.38,19.5197093,-96.9155696,0.0012090492004
1521828749.52,19.5197093,-96.9155696,0.0012090492004
1521828749.55,19.5197093,-96.9155696,0.0012090492004
1521828749.56,19.5197093,-96.9155696,0.0012090492004
1521828749.56,19.5197093,-96.9155696,0.0012090492004
1521828749.57,19.5197093,-96.9155696,0.0012090492004
1521828749.57,19.5197093,-96.9155696,0.0012090492004
1521828749.58,19.5197093,-96.9155696,0.0012090492004
1521828749.59,19.5197093,-96.9155696,0.0012090492004
1521828749.59,19.5197093,-96.9155696,0.0012090492004
1521828749.63,19.5197093,-96.9155696,0.0012090492004
1521828749.64,19.5197093,-96.9155696,0.0012090492004
1521828749.72,19.5197093,-96.9155696,0.0012090492004
1521828749.76,19.5197093,-96.9155696,0.0012090492004
1521828749.77,19.5197093,-96.9155696,0.0012090492004
1521828749.78,19.5197093,-96.9155696,0.0012090492004
1521828749.82,19.5197093,-96.9155696,0.0012090492004
1521828749.85,19.5197093,-96.9155696,0.0012090492004
1521828749.85,19.5197093,-96.9155696,0.0012090492004
1521828749.86,19.5197093,-96.9155696,0.0012090492004
1521828749.86,19.5197093,-96.9155696,0.0012090492004
1521828749.88,19.5197093,-96.9155696,0.0012090492004
1521828749.89,19.5197093,-96.9155696,0.0012090492004
1521828749.96,19.5197093,-96.9155696,0.0012090492004
1521828749.98,19.5197093,-96.9155696,0.0012090492004
1521828749.99,19.5197093,-96.9155696,0.0012090492004
1521828750.03,19.5197093,-96.9155696,0.0012090492004
1521828750.04,19.5197093,-96.9155696,0.0012090492004
1521828750.05,19.5197093,-96.9155696,0.0012090492004
1521828750.07,19.5197093,-96.9155696,0.0012090492004
1521828750.09,19.5197093,-96.9155696,0.0012090492004
1521828750.12,19.5197093,-96.9155696,0.0012090492004
1521828750.14,19.5197093,-96.9155696,0.0012090492004
1521828750.15,19.5197093,-96.9155696,0.0012090492004
1521828750.16,19.5197093,-96.9155696,0.0012090492004
1521828750.2,19.5197093,-96.9155696,0.0012090492004
1521828750.31,19.5197093,-96.9155696,0.0012090492004
1521828750.37,19.5197093,-96.9155696,0.0012090492004
1521828750.38,19.5197093,-96.9155696,0.0012090492004
1521828750.39,19.5197093,-96.9155696,0.0012090492004
1521828750.4,19.5197093,-96.9155696,0.0012090492004
1521828750.49,19.5197093,-96.9155696,0.0012090492004
1521828750.54,19.5197093,-96.9155696,0.0012090492004
1521828750.56,19.5197093,-96.9155696,0.0012090492004
1521828750.57,19.5197093,-96.9155696,0.0012090492004
1521828750.57,19.5197093,-96.9155696,0.0012090492004
1521828750.6,19.5197093,-96.9155696,0.0012090492004
1521828750.6,19.5197093,-96.9155696,0.0012090492004
1521828750.61,19.5197093,-96.9155696,0.0012090492004
1521828750.65,19.5197093,-96.9155696,0.0012090492004
1521828750.66,19.5197093,-96.9155696,0.0012090492004
1521828750.66,19.5197093,-96.9155696,0.0012090492004
1521828750.67,19.5197093,-96.9155696,0.0012090492004
1521828750.76,19.5197093,-96.9155696,0.0012090492004
1521828750.8,19.5197093,-96.9155696,0.0012090492004
1521828750.81,19.5197093,-96.9155696,0.0012090492004
1521828750.82,19.5197093,-96.9155696,0.0012090492004
1521828750.85,19.5197093,-96.9155696,0.0012090492004
1521828750.86,19.5197093,-96.9155696,0.0012090492004
1521828750.86,19.5197093,-96.9155696,0.0012090492004
1521828750.87,19.5197093,-96.9155696,0.0012090492004
1521828750.88,19.5197093,-96.9155696,0.0012090492004
1521828750.89,19.5197093,-96.9155696,0.0012090492004
1521828750.9,19.5197093,-96.9155696,0.0012090492004
1521828750.91,19.5197093,-96.9155696,0.0012090492004
1521828750.97,19.5197093,-96.9155696,0.0012090492004
1521828751.06,19.5197093,-96.9155696,0.0012090492004
1521828751.07,19.5197093,-96.9155696,0.0012090492004
1521828751.09,19.5197093,-96.9155696,0.0012090492004
1521828751.09,19.5197093,-96.9155696,0.0012090492004
1521828751.11,19.5197093,-96.9155696,0.0012090492004
1521828751.12,19.5197093,-96.9155696,0.0012090492004
1521828751.14,19.5197093,-96.9155696,0.0012090492004
1521828751.2,19.5197093,-96.9155696,0.0012090492004
1521828751.21,19.5197093,-96.9155696,0.0012090492004
1521828751.22,19.5197093,-96.9155696,0.0012090492004
1521828751.23,19.5197093,-96.9155696,0.0012090492004
1521828751.27,19.5197093,-96.9155696,0.0012090492004
1521828751.28,19.5197093,-96.9155696,0.0012090492004
1521828751.28,19.5197093,-96.9155696,0.0012090492004
1521828751.29,19.5197093,-96.9155696,0.0012090492004
1521828751.3,19.5197093,-96.9155696,0.0012090492004
1521828751.31,19.5197093,-96.9155696,0.0012090492004
1521828751.32,19.5197093,-96.9155696,0.0012090492004
1521828751.35,19.5197093,-96.9155696,0.0012090492004
1521828751.38,19.5197093,-96.9155696,0.0012090492004
1521828751.39,19.5197093,-96.9155696,0.0012090492004
1521828751.39,19.5197093,-96.9155696,0.0012090492004
1521828751.4,19.5197093,-96.9155696,0.0012090492004
1521828751.42,19.5197093,-96.9155696,0.0012090492004
1521828751.43,19.5197093,-96.9155696,0.0012090492004
1521828751.43,19.5197093,-96.9155696,0.0012090492004
1521828751.47,19.5197093,-96.9155696,0.0012090492004
1521828751.48,19.5197093,-96.9155696,0.0012090492004
1521828751.49,19.5197093,-96.9155696,0.0012090492004
1521828751.5,19.5197093,-96.9155696,0.0012090492004
1521828751.51,19.5197093,-96.9155696,0.0012090492004
1521828751.51,19.5197093,-96.9155696,0.0012090492004
1521828751.52,19.5197093,-96.9155696,0.0012090492004
1521828751.53,19.5197093,-96.9155696,0.0012090492004
1521828751.55,19.5197093,-96.9155696,0.0012090492004
1521828751.59,19.5197093,-96.9155696,0.0012090492004
1521828751.61,19.5197093,-96.9155696,0.0012090492004
1521828751.62,19.5197093,-96.9155696,0.0012090492004
1521828751.63,19.5197093,-96.9155696,0.0012090492004
1521828751.64,19.5197093,-96.9155696,0.0012090492004
1521828751.84,19.5197093,-96.9155696,0.0012090492004
1521828751.92,19.5197093,-96.9155696,0.0012090492004
1521828751.94,19.5197093,-96.9155696,0.0012090492004
1521828751.98,19.5197093,-96.9155696,0.0012090492004
1521828752.0,19.5197093,-96.9155696,0.0012090492004
1521828752.01,19.5197093,-96.9155696,0.0012090492004
1521828752.01,19.5197093,-96.9155696,0.0012090492004
1521828752.04,19.5197093,-96.9155696,0.0012090492004
1521828752.05,19.5197093,-96.9155696,0.0012090492004
1521828752.08,19.5197093,-96.9155696,0.0012090492004
1521828752.09,19.5197093,-96.9155696,0.0012090492004
1521828752.1,19.5197093,-96.9155696,0.0012090492004
1521828752.11,19.5197093,-96.9155696,0.0012090492004
1521828752.12,19.5197093,-96.9155696,0.0012090492004
1521828752.12,19.5197093,-96.9155696,0.0012090492004
1521828752.13,19.5197093,-96.9155696,0.0012090492004
1521828752.24,19.5197093,-96.9155696,0.0012090492004
1521828752.3,19.5197093,-96.9155696,0.0012090492004
1521828752.31,19.5197093,-96.9155696,0.0012090492004
1521828752.34,19.5197093,-96.9155696,0.0012090492004
1521828752.35,19.5197093,-96.9155696,0.0012090492004
1521828752.39,19.5197093,-96.9155696,0.0012090492004
1521828752.4,19.5197093,-96.9155696,0.0012090492004
1521828752.43,19.5197093,-96.9155696,0.0012090492004
1521828752.49,19.5197093,-96.9155696,0.0012090492004
1521828752.52,19.5197093,-96.9155696,0.0012090492004
1521828752.57,19.5197093,-96.9155696,0.0012090492004
1521828752.61,19.5197093,-96.9155696,0.0012090492004
1521828752.62,19.5197093,-96.9155696,0.0012090492004
1521828752.63,19.5197093,-96.9155696,0.0012090492004
1521828752.63,19.5197093,-96.9155696,0.0012090492004
1521828752.65,19.5197093,-96.9155696,0.0012090492004
1521828752.66,19.5197093,-96.9155696,0.0012090492004
1521828752.7,19.5197093,-96.9155696,0.0012090492004
1521828752.72,19.5197093,-96.9155696,0.0012090492004
1521828752.73,19.5197093,-96.9155696,0.0012090492004
1521828752.75,19.5197093,-96.9155696,0.0012090492004
1521828752.78,19.5197093,-96.9155696,0.0012090492004
1521828752.82,19.5197093,-96.9155696,0.0012090492004
1521828752.85,19.5197093,-96.9155696,0.0012090492004
1521828752.86,19.5197093,-96.9155696,0.0012090492004
1521828752.9,19.5197093,-96.9155696,0.0012090492004
1521828752.91,19.5197093,-96.9155696,0.0012090492004
1521828752.91,19.5197093,-96.9155696,0.0012090492004
1521828752.92,19.5197093,-96.9155696,0.0012090492004
1521828752.93,19.5197093,-96.9155696,0.0012090492004
1521828752.96,19.5197093,-96.9155696,0.0012090492004
1521828752.97,19.5197093,-96.9155696,0.0012090492004
1521828753.02,19.5197093,-96.9155696,0.0012090492004
1521828753.03,19.5197093,-96.9155696,0.0012090492004
1521828753.04,19.5197093,-96.9155696,0.0012090492004
1521828753.04,19.5197093,-96.9155696,0.0012090492004
1521828753.06,19.5197093,-96.9155696,0.0012090492004
1521828753.09,19.5197093,-96.9155696,0.0012090492004
1521828753.11,19.5197093,-96.9155696,0.0012090492004
1521828753.13,19.5197093,-96.9155696,0.0012090492004
1521828753.14,19.5197093,-96.9155696,0.0012090492004
1521828753.15,19.5197093,-96.9155696,0.0012090492004
1521828753.16,19.5197093,-96.9155696,0.0012090492004
1521828753.17,19.5197093,-96.9155696,0.0012090492004
1521828753.21,19.5197093,-96.9155696,0.0012090492004
1521828753.22,19.5197093,-96.9155696,0.0012090492004
1521828753.23,19.5197093,-96.9155696,0.0012090492004
1521828753.24,19.5197093,-96.9155696,0.0012090492004
1521828753.25,19.5197093,-96.9155696,0.0012090492004
1521828753.26,19.5197093,-96.9155696,0.0012090492004
1521828753.27,19.5197093,-96.9155696,0.0012090492004
1521828753.31,19.5197093,-96.9155696,0.0012090492004
1521828753.33,19.5197093,-96.9155696,0.0012090492004
1521828753.35,19.5197093,-96.9155696,0.0012090492004
1521828753.36,19.5197093,-96.9155696,0.0012090492004
1521828753.37,19.5197093,-96.9155696,0.0012090492004
1521828753.38,19.5197093,-96.9155696,0.0012090492004
1521828753.42,19.5197093,-96.9155696,0.0012090492004
1521828753.44,19.5197093,-96.9155696,0.0012090492004
1521828753.46,19.5197093,-96.9155696,0.0012090492004
1521828753.47,19.5197093,-96.9155696,0.0012090492004
1521828753.48,19.5197093,-96.9155696,0.0012090492004
1521828753.52,19.5197093,-96.9155696,0.0012090492004
1521828753.53,19.5197093,-96.9155696,0.0012090492004
1521828753.54,19.5197093,-96.9155696,0.0012090492004
1521828753.56,19.5197093,-96.9155696,0.0012090492004
1521828753.57,19.5197093,-96.9155696,0.0012090492004
1521828753.58,19.5197093,-96.9155696,0.0012090492004
1521828753.62,19.5197093,-96.9155696,0.0012090492004
1521828753.64,19.5197093,-96.9155696,0.0012090492004
1521828753.65,19.5197093,-96.9155696,0.0012090492004
1521828753.66,19.5197093,-96.9155696,0.0012090492004
1521828753.67,19.5197093,-96.9155696,0.0012090492004
1521828753.68,19.5197093,-96.9155696,0.0012090492004
1521828753.72,19.5197093,-96.9155696,0.0012090492004
1521828753.74,19.5197093,-96.9155696,0.0012090492004
1521828753.76,19.5197093,-96.9155696,0.0012090492004
1521828753.77,19.5197093,-96.9155696,0.0012090492004
1521828753.77,19.5197093,-96.9155696,0.0012090492004
1521828753.81,19.5197093,-96.9155696,0.0012090492004
1521828753.83,19.5197093,-96.9155696,0.0012090492004
1521828753.84,19.5197093,-96.9155696,0.0012090492004
1521828753.86,19.5197093,-96.9155696,0.0012090492004
1521828753.86,19.5197093,-96.9155696,0.0012090492004
1521828753.87,19.5197093,-96.9155696,0.0012090492004
1521828753.89,19.5197093,-96.9155696,0.0012090492004
1521828753.92,19.5197093,-96.9155696,0.0012090492004
1521828753.93,19.5197093,-96.9155696,0.0012090492004
1521828753.94,19.5197093,-96.9155696,0.0012090492004
1521828753.94,19.5197093,-96.9155696,0.0012090492004
1521828753.95,19.5197093,-96.9155696,0.0012090492004
1521828753.96,19.5197093,-96.9155696,0.0012090492004
1521828753.96,19.5197093,-96.9155696,0.0012090492004
1521828753.97,19.5197093,-96.9155696,0.0012090492004
1521828753.98,19.5197093,-96.9155696,0.0012090492004
1521828753.99,19.5197093,-96.9155696,0.0012090492004
1521828754.01,19.5197093,-96.9155696,0.0012090492004
1521828754.01,19.5197093,-96.9155696,0.0012090492004
1521828754.03,19.5197093,-96.9155696,0.0012090492004
1521828754.04,19.5197093,-96.9155696,0.0012090492004
1521828754.04,19.5197093,-96.9155696,0.0012090492004
1521828754.05,19.5197093,-96.9155696,0.0012090492004
1521828754.06,19.5197093,-96.9155696,0.0012090492004
1521828754.07,19.5197093,-96.9155696,0.0012090492004
1521828754.09,19.5197093,-96.9155696,0.0012090492004
1521828754.13,19.5197093,-96.9155696,0.0012090492004
1521828754.15,19.5197093,-96.9155696,0.0012090492004
1521828754.16,19.5197093,-96.9155696,0.0012090492004
1521828754.17,19.5197093,-96.9155696,0.0012090492004
1521828754.17,19.5197093,-96.9155696,0.0012090492004
1521828754.19,19.5197093,-96.9155696,0.0012090492004
1521828754.19,19.5197093,-96.9155696,0.0012090492004
1521828754.24,19.5197093,-96.9155696,0.0012090492004
1521828754.24,19.5197093,-96.9155696,0.0012090492004
1521828754.25,19.5197093,-96.9155696,0.0012090492004
1521828754.26,19.5197093,-96.9155696,0.0012090492004
1521828754.26,19.5197093,-96.9155696,0.0012090492004
1521828754.27,19.5197093,-96.9155696,0.0012090492004
1521828754.28,19.5197093,-96.9155696,0.0012090492004
1521828754.29,19.5197093,-96.9155696,0.0012090492004
1521828754.29,19.5197093,-96.9155696,0.0012090492004
1521828754.3,19.5197093,-96.9155696,0.0012090492004
1521828754.33,19.5197093,-96.9155696,0.0012090492004
1521828754.34,19.5197093,-96.9155696,0.0012090492004
1521828754.34,19.5197093,-96.9155696,0.0012090492004
1521828754.35,19.5197093,-96.9155696,0.0012090492004
1521828754.36,19.5197093,-96.9155696,0.0012090492004
1521828754.36,19.5197093,-96.9155696,0.0012090492004
1521828754.37,19.5197093,-96.9155696,0.0012090492004
1521828754.38,19.5197093,-96.9155696,0.0012090492004
1521828754.38,19.5197093,-96.9155696,0.0012090492004
1521828754.39,19.5197093,-96.9155696,0.0012090492004
1521828754.4,19.5197093,-96.9155696,0.0012090492004
1521828754.4,19.5197093,-96.9155696,0.0012090492004
1521828754.42,19.5197093,-96.9155696,0.0012090492004
1521828754.45,19.5197093,-96.9155696,0.0012090492004
1521828754.46,19.5197093,-96.9155696,0.0012090492004
1521828754.47,19.5197093,-96.9155696,0.0012090492004
1521828754.48,19.5197093,-96.9155696,0.0012090492004
1521828754.48,19.5197093,-96.9155696,0.0012090492004
1521828754.49,19.5197093,-96.9155696,0.0012090492004
1521828754.5,19.5197093,-96.9155696,0.0012090492004
1521828754.55,19.5197093,-96.9155696,0.0012090492004
1521828754.55,19.5197093,-96.9155696,0.0012090492004
1521828754.56,19.5197093,-96.9155696,0.0012090492004
1521828754.57,19.5197093,-96.9155696,0.0012090492004
1521828754.57,19.5197093,-96.9155696,0.0012090492004
1521828754.59,19.5197093,-96.9155696,0.0012090492004
1521828754.6,19.5197093,-96.9155696,0.0012090492004
1521828754.6,19.5197093,-96.9155696,0.0012090492004
1521828754.62,19.5197093,-96.9155696,0.0012090492004
1521828754.66,19.5197093,-96.9155696,0.0012090492004
1521828754.68,19.5197093,-96.9155696,0.0012090492004
1521828754.69,19.5197093,-96.9155696,0.0012090492004
1521828754.71,19.5197093,-96.9155696,0.0012090492004
1521828754.77,19.5197093,-96.9155696,0.0012090492004
1521828754.78,19.5197093,-96.9155696,0.0012090492004
1521828754.79,19.5197093,-96.9155696,0.0012090492004
1521828754.83,19.5197093,-96.9155696,0.0012090492004
1521828754.87,19.5197093,-96.9155696,0.0012090492004
1521828754.89,19.5197093,-96.9155696,0.0012090492004
1521828754.9,19.5197093,-96.9155696,0.0012090492004
1521828754.91,19.5197093,-96.9155696,0.0012090492004
1521828754.94,19.5197093,-96.9155696,0.0012090492004
1521828754.96,19.5197093,-96.9155696,0.0012090492004
1521828754.98,19.5197093,-96.9155696,0.0012090492004
1521828754.98,19.5197093,-96.9155696,0.0012090492004
1521828754.99,19.5197093,-96.9155696,0.0012090492004
1521828755.0,19.5197093,-96.9155696,0.0012090492004
1521828755.06,19.5197093,-96.9155696,0.0012090492004
1521828755.16,19.5197093,-96.9155696,0.0012090492004
1521828755.17,19.5197093,-96.9155696,0.0012090492004
1521828755.18,19.5197093,-96.9155696,0.0012090492004
1521828755.19,19.5197093,-96.9155696,0.0012090492004
1521828755.2,19.5197093,-96.9155696,0.0012090492004
1521828755.2,19.5197093,-96.9155696,0.0012090492004
1521828755.21,19.5197093,-96.9155696,0.0012090492004
1521828755.22,19.5197093,-96.9155696,0.0012090492004
1521828755.24,19.5197093,-96.9155696,0.0012090492004
1521828755.26,19.5197093,-96.9155696,0.0012090492004
1521828755.27,19.5197093,-96.9155696,0.0012090492004
1521828755.28,19.5197093,-96.9155696,0.0012090492004
1521828755.29,19.5197093,-96.9155696,0.0012090492004
1521828755.3,19.5197093,-96.9155696,0.0012090492004
1521828755.32,19.5197093,-96.9155696,0.0012090492004
1521828755.38,19.5197093,-96.9155696,0.0012090492004
1521828755.38,19.5197093,-96.9155696,0.0012090492004
1521828755.39,19.5197093,-96.9155696,0.0012090492004
1521828755.4,19.5197093,-96.9155696,0.0012090492004
1521828755.4,19.5197093,-96.9155696,0.0012090492004
1521828755.41,19.5197093,-96.9155696,0.0012090492004
1521828755.42,19.5197093,-96.9155696,0.0012090492004
1521828755.44,19.5197093,-96.9155696,0.0012090492004
1521828755.49,19.5197093,-96.9155696,0.0012090492004
1521828755.49,19.5197093,-96.9155696,0.0012090492004
1521828755.5,19.5197093,-96.9155696,0.0012090492004
1521828755.51,19.5197093,-96.9155696,0.0012090492004
1521828755.52,19.5197093,-96.9155696,0.0012090492004
1521828755.54,19.5197093,-96.9155696,0.0012090492004
1521828755.57,19.5197093,-96.9155696,0.0012090492004
1521828755.57,19.5197093,-96.9155696,0.0012090492004
1521828755.58,19.5197093,-96.9155696,0.0012090492004
1521828755.6,19.5197093,-96.9155696,0.0012090492004
1521828755.61,19.5197093,-96.9155696,0.0012090492004
1521828755.61,19.5197093,-96.9155696,0.0012090492004
1521828755.62,19.5197093,-96.9155696,0.0012090492004
1521828755.63,19.5197093,-96.9155696,0.0012090492004
1521828755.65,19.5197093,-96.9155696,0.0012090492004
1521828755.68,19.5197093,-96.9155696,0.0012090492004
1521828755.69,19.5197093,-96.9155696,0.0012090492004
1521828755.7,19.5197093,-96.9155696,0.0012090492004
1521828755.71,19.5197093,-96.9155696,0.0012090492004
1521828755.72,19.5197093,-96.9155696,0.0012090492004
1521828755.73,19.5197093,-96.9155696,0.0012090492004
1521828755.81,19.5197093,-96.9155696,0.0012090492004
1521828755.9,19.5197093,-96.9155696,0.0012090492004
1521828755.94,19.5197093,-96.9155696,0.0012090492004
1521828755.96,19.5197093,-96.9155696,0.0012090492004
1521828755.99,19.5197093,-96.9155696,0.0012090492004
1521828755.99,19.5197093,-96.9155696,0.0012090492004
1521828756.02,19.5197093,-96.9155696,0.0012090492004
1521828756.09,19.5197093,-96.9155696,0.0012090492004
1521828756.1,19.5197093,-96.9155696,0.0012090492004
1521828756.11,19.5197093,-96.9155696,0.0012090492004
1521828756.11,19.5197093,-96.9155696,0.0012090492004
1521828756.12,19.5197093,-96.9155696,0.0012090492004
1521828756.13,19.5197093,-96.9155696,0.0012090492004
1521828756.14,19.5197093,-96.9155696,0.0012090492004
1521828756.18,19.5197093,-96.9155696,0.0012090492004
1521828756.19,19.5197093,-96.9155696,0.0012090492004
1521828756.2,19.5197093,-96.9155696,0.0012090492004
1521828756.22,19.5197093,-96.9155696,0.0012090492004
1521828756.23,19.5197093,-96.9155696,0.0012090492004
1521828756.26,19.5197093,-96.9155696,0.0012090492004
1521828756.39,19.5197093,-96.9155696,0.0012090492004
1521828756.41,19.5197093,-96.9155696,0.0012090492004
1521828756.43,19.5197093,-96.9155696,0.0012090492004
1521828756.44,19.5197093,-96.9155696,0.0012090492004
1521828756.46,19.5197093,-96.9155696,0.0012090492004
1521828756.51,19.5197093,-96.9155696,0.0012090492004
1521828756.51,19.5197093,-96.9155696,0.0012090492004
1521828756.52,19.5197093,-96.9155696,0.0012090492004
1521828756.53,19.5197093,-96.9155696,0.0012090492004
1521828756.54,19.5197093,-96.9155696,0.0012090492004
1521828756.57,19.5197093,-96.9155696,0.0012090492004
1521828756.64,19.5197093,-96.9155696,0.0012090492004
1521828756.65,19.5197093,-96.9155696,0.0012090492004
1521828756.67,19.5197093,-96.9155696,0.0012090492004
1521828756.71,19.5197093,-96.9155696,0.0012090492004
1521828756.73,19.5197093,-96.9155696,0.0012090492004
1521828756.73,19.5197093,-96.9155696,0.0012090492004
1521828756.74,19.5197093,-96.9155696,0.0012090492004
1521828756.75,19.5197093,-96.9155696,0.0012090492004
1521828756.76,19.5197093,-96.9155696,0.0012090492004
1521828757.03,19.5197093,-96.9155696,0.0012090492004
1521828757.08,19.5197093,-96.9155696,0.0012090492004
1521828757.1,19.5197093,-96.9155696,0.0012090492004
1521828757.11,19.5197093,-96.9155696,0.0012090492004
1521828757.12,19.5197093,-96.9155696,0.0012090492004
1521828757.13,19.5197093,-96.9155696,0.0012090492004
1521828757.14,19.5197093,-96.9155696,0.0012090492004
1521828757.15,19.5197093,-96.9155696,0.0012090492004
1521828757.16,19.5197093,-96.9155696,0.0012090492004
1521828757.21,19.5197093,-96.9155696,0.0012090492004
1521828757.22,19.5197093,-96.9155696,0.0012090492004
1521828757.23,19.5197093,-96.9155696,0.0012090492004
1521828757.25,19.5197093,-96.9155696,0.0012090492004
1521828757.26,19.5197093,-96.9155696,0.0012090492004
1521828757.27,19.5197093,-96.9155696,0.0012090492004
1521828757.29,19.5197093,-96.9155696,0.0012090492004
1521828757.32,19.5197093,-96.9155696,0.0012090492004
1521828757.33,19.5197093,-96.9155696,0.0012090492004
1521828757.34,19.5197093,-96.9155696,0.0012090492004
1521828757.36,19.5197093,-96.9155696,0.0012090492004
1521828757.37,19.5197093,-96.9155696,0.0012090492004
1521828757.62,19.5197093,-96.9155696,0.0012090492004
1521828757.67,19.5197093,-96.9155696,0.0012090492004
1521828757.72,19.5197093,-96.9155696,0.0012090492004
1521828757.74,19.5197093,-96.9155696,0.0012090492004
1521828757.75,19.5197093,-96.9155696,0.0012090492004
1521828757.77,19.5197093,-96.9155696,0.0012090492004
1521828757.8,19.5197093,-96.9155696,0.0012090492004
1521828757.83,19.5197093,-96.9155696,0.0012090492004
1521828757.84,19.5197093,-96.9155696,0.0012090492004
1521828757.87,19.5197093,-96.9155696,0.0012090492004
1521828757.93,19.5197093,-96.9155696,0.0012090492004
1521828757.94,19.5197093,-96.9155696,0.0012090492004
1521828757.95,19.5197093,-96.9155696,0.0012090492004
1521828757.96,19.5197093,-96.9155696,0.0012090492004
1521828757.97,19.5197093,-96.9155696,0.0012090492004
1521828757.98,19.5197093,-96.9155696,0.0012090492004
1521828758.0,19.5197093,-96.9155696,0.0012090492004
1521828758.12,19.5197093,-96.9155696,0.0012090492004
1521828758.13,19.5197093,-96.9155696,0.0012090492004
1521828758.14,19.5197093,-96.9155696,0.0012090492004
1521828758.15,19.5197093,-96.9155696,0.0012090492004
1521828758.16,19.5197093,-96.9155696,0.0012090492004
1521828758.17,19.5197093,-96.9155696,0.0012090492004
1521828758.19,19.5197093,-96.9155696,0.0012090492004
1521828758.27,19.5197093,-96.9155696,0.0012090492004
1521828758.29,19.5197093,-96.9155696,0.0012090492004
1521828758.32,19.5197093,-96.9155696,0.0012090492004
1521828758.34,19.5197093,-96.9155696,0.0012090492004
1521828758.35,19.5197093,-96.9155696,0.0012090492004
1521828758.36,19.5197093,-96.9155696,0.0012090492004
1521828758.37,19.5197093,-96.9155696,0.0012090492004
1521828758.4,19.5197093,-96.9155696,0.0012090492004
1521828758.44,19.5197093,-96.9155696,0.0012090492004
1521828758.45,19.5197093,-96.9155696,0.0012090492004
1521828758.47,19.5197093,-96.9155696,0.0012090492004
1521828758.48,19.5197093,-96.9155696,0.0012090492004
1521828758.49,19.5197093,-96.9155696,0.0012090492004
1521828758.5,19.5197093,-96.9155696,0.0012090492004
1521828758.53,19.5197093,-96.9155696,0.0012090492004
1521828758.54,19.5197093,-96.9155696,0.0012090492004
1521828758.56,19.5197093,-96.9155696,0.0012090492004
1521828758.57,19.5197093,-96.9155696,0.0012090492004
1521828758.58,19.5197093,-96.9155696,0.0012090492004
1521828758.59,19.5197093,-96.9155696,0.0012090492004
1521828758.59,19.5197093,-96.9155696,0.0012090492004
1521828758.64,19.5197093,-96.9155696,0.0012090492004
1521828758.66,19.5197093,-96.9155696,0.0012090492004
1521828758.73,19.5197093,-96.9155696,0.0012090492004
1521828758.87,19.5197093,-96.9155696,0.0012090492004
1521828758.89,19.5197093,-96.9155696,0.0012090492004
1521828758.9,19.5197093,-96.9155696,0.0012090492004
1521828758.91,19.5197093,-96.9155696,0.0012090492004
1521828758.94,19.5197093,-96.9155696,0.0012090492004
1521828758.95,19.5197093,-96.9155696,0.0012090492004
1521828758.97,19.5197093,-96.9155696,0.0012090492004
1521828758.98,19.5197093,-96.9155696,0.0012090492004
1521828759.0,19.5197093,-96.9155696,0.0012090492004
1521828759.07,19.5197093,-96.9155696,0.0012090492004
1521828759.1,19.5197093,-96.9155696,0.0012090492004
1521828759.14,19.5197093,-96.9155696,0.0012090492004
1521828759.18,19.5197093,-96.9155696,0.0012090492004
1521828759.19,19.5197093,-96.9155696,0.0012090492004
1521828759.2,19.5197093,-96.9155696,0.0012090492004
1521828759.21,19.5197093,-96.9155696,0.0012090492004
1521828759.25,19.5197093,-96.9155696,0.0012090492004
1521828759.26,19.5197093,-96.9155696,0.0012090492004
1521828759.27,19.5197093,-96.9155696,0.0012090492004
1521828759.28,19.5197093,-96.9155696,0.0012090492004
1521828759.29,19.5197093,-96.9155696,0.0012090492004
1521828759.3,19.5197093,-96.9155696,0.0012090492004
1521828759.31,19.5197093,-96.9155696,0.0012090492004
1521828759.34,19.5197093,-96.9155696,0.0012090492004
1521828759.38,19.5197093,-96.9155696,0.0012090492004
1521828759.4,19.5197093,-96.9155696,0.0012090492004
1521828759.47,19.5197093,-96.9155696,0.0012090492004
1521828759.49,19.5197093,-96.9155696,0.0012090492004
1521828759.51,19.5197093,-96.9155696,0.0012090492004
1521828759.52,19.5197093,-96.9155696,0.0012090492004
1521828759.56,19.5197093,-96.9155696,0.0012090492004
1521828759.57,19.5197093,-96.9155696,0.0012090492004
1521828759.58,19.5197093,-96.9155696,0.0012090492004
1521828759.59,19.5197093,-96.9155696,0.0012090492004
1521828759.6,19.5197093,-96.9155696,0.0012090492004
1521828759.61,19.5197093,-96.9155696,0.0012090492004
1521828759.62,19.5197093,-96.9155696,0.0012090492004
1521828759.65,19.5197093,-96.9155696,0.0012090492004
1521828759.66,19.5197093,-96.9155696,0.0012090492004
1521828759.67,19.5197093,-96.9155696,0.0012090492004
1521828759.68,19.5197093,-96.9155696,0.0012090492004
1521828759.7,19.5197093,-96.9155696,0.0012090492004
1521828759.71,19.5197093,-96.9155696,0.0012090492004
1521828759.72,19.5197093,-96.9155696,0.0012090492004
1521828759.74,19.5197093,-96.9155696,0.0012090492004
1521828759.79,19.5197093,-96.9155696,0.0012090492004
1521828759.81,19.5197093,-96.9155696,0.0012090492004
1521828759.82,19.5197093,-96.9155696,0.0012090492004
1521828759.88,19.5197093,-96.9155696,0.0012090492004
1521828759.9,19.5197093,-96.9155696,0.0012090492004
1521828759.93,19.5197093,-96.9155696,0.0012090492004
1521828759.95,19.5197093,-96.9155696,0.0012090492004
1521828759.99,19.5197093,-96.9155696,0.0012090492004
1521828760.0,19.5197093,-96.9155696,0.0012090492004
1521828760.01,19.5197093,-96.9155696,0.0012090492004
1521828760.08,19.5197093,-96.9155696,0.0012090492004
1521828760.09,19.5197093,-96.9155696,0.0012090492004
1521828760.09,19.5197093,-96.9155696,0.0012090492004
1521828760.1,19.5197093,-96.9155696,0.0012090492004
1521828760.11,19.5197093,-96.9155696,0.0012090492004
1521828760.12,19.5197093,-96.9155696,0.0012090492004
1521828760.14,19.5197093,-96.9155696,0.0012090492004
1521828760.17,19.5197093,-96.9155696,0.0012090492004
1521828760.21,19.5197093,-96.9155696,0.0012090492004
1521828760.21,19.5197093,-96.9155696,0.0012090492004
1521828760.23,19.5197093,-96.9155696,0.0012090492004
1521828760.24,19.5197093,-96.9155696,0.0012090492004
1521828760.28,19.5197093,-96.9155696,0.0012090492004
1521828760.29,19.5197093,-96.9155696,0.0012090492004
1521828760.29,19.5197093,-96.9155696,0.0012090492004
1521828760.31,19.5197093,-96.9155696,0.0012090492004
1521828760.31,19.5197093,-96.9155696,0.0012090492004
1521828760.32,19.5197093,-96.9155696,0.0012090492004
1521828760.33,19.5197093,-96.9155696,0.0012090492004
1521828760.39,19.5197093,-96.9155696,0.0012090492004
1521828760.41,19.5197093,-96.9155696,0.0012090492004
1521828760.43,19.5197093,-96.9155696,0.0012090492004
1521828760.45,19.5197093,-96.9155696,0.0012090492004
1521828760.48,19.5197093,-96.9155696,0.0012090492004
1521828760.49,19.5197093,-96.9155696,0.0012090492004
1521828760.51,19.5197093,-96.9155696,0.0012090492004
1521828760.53,19.5197093,-96.9155696,0.0012090492004
1521828760.54,19.5197093,-96.9155696,0.0012090492004
1521828760.56,19.5197093,-96.9155696,0.0012090492004
1521828760.59,19.5197093,-96.9155696,0.0012090492004
1521828760.61,19.5197093,-96.9155696,0.0012090492004
1521828760.62,19.5197093,-96.9155696,0.0012090492004
1521828760.64,19.5197093,-96.9155696,0.0012090492004
1521828760.68,19.5197093,-96.9155696,0.0012090492004
1521828760.7,19.5197093,-96.9155696,0.0012090492004
1521828760.72,19.5197093,-96.9155696,0.0012090492004
1521828760.75,19.5197093,-96.9155696,0.0012090492004
1521828760.8,19.5197093,-96.9155696,0.0012090492004
1521828760.81,19.5197093,-96.9155696,0.0012090492004
1521828760.82,19.5197093,-96.9155696,0.0012090492004
1521828760.84,19.5197093,-96.9155696,0.0012090492004
1521828760.85,19.5197093,-96.9155696,0.0012090492004
1521828760.87,19.5197093,-96.9155696,0.0012090492004
1521828760.9,19.5197093,-96.9155696,0.0012090492004
1521828760.92,19.5197093,-96.9155696,0.0012090492004
1521828760.93,19.5197093,-96.9155696,0.0012090492004
1521828760.94,19.5197093,-96.9155696,0.0012090492004
1521828760.95,19.5197093,-96.9155696,0.0012090492004
1521828760.98,19.5197093,-96.9155696,0.0012090492004
1521828760.99,19.5197093,-96.9155696,0.0012090492004
1521828761.0,19.5197093,-96.9155696,0.0012090492004
1521828761.09,19.5197093,-96.9155696,0.0012090492004
1521828761.12,19.5197093,-96.9155696,0.0012090492004
1521828761.13,19.5197093,-96.9155696,0.0012090492004
1521828761.14,19.5197093,-96.9155696,0.0012090492004
1521828761.14,19.5197093,-96.9155696,0.0012090492004
1521828761.15,19.5197093,-96.9155696,0.0012090492004
1521828761.17,19.5197093,-96.9155696,0.0012090492004
1521828761.21,19.5197093,-96.9155696,0.0012090492004
1521828761.22,19.5197093,-96.9155696,0.0012090492004
1521828761.23,19.5197093,-96.9155696,0.0012090492004
1521828761.24,19.5197093,-96.9155696,0.0012090492004
1521828761.25,19.5197093,-96.9155696,0.0012090492004
1521828761.29,19.5197093,-96.9155696,0.0012090492004
1521828761.31,19.5197093,-96.9155696,0.0012090492004
1521828761.32,19.5197093,-96.9155696,0.0012090492004
1521828761.33,19.5197093,-96.9155696,0.0012090492004
1521828761.35,19.5197093,-96.9155696,0.0012090492004
1521828761.36,19.5197093,-96.9155696,0.0012090492004
1521828761.4,19.5197093,-96.9155696,0.0012090492004
1521828761.63,19.5197093,-96.9155696,0.0012090492004
1521828761.75,19.5197093,-96.9155696,0.0012090492004
1521828761.84,19.5197093,-96.9155696,0.0012090492004
1521828761.86,19.5197093,-96.9155696,0.0012090492004
1521828761.87,19.5197093,-96.9155696,0.0012090492004
1521828762.39,19.5197093,-96.9155696,0.0012090492004
1521828762.53,19.5197093,-96.9155696,0.0012090492004
1521828762.61,19.5197093,-96.9155696,0.0012090492004
1521828762.7,19.5197093,-96.9155696,0.0012090492004
1521828762.87,19.5197093,-96.9155696,0.0012090492004
1521828762.94,19.5197093,-96.9155696,0.0012090492004
1521828763.02,19.5197093,-96.9155696,0.0012090492004
1521828763.12,19.5197093,-96.9155696,0.0012090492004
1521828763.21,19.5197093,-96.9155696,0.0012090492004
1521828763.28,19.5197093,-96.9155696,0.0012090492004
1521828763.34,19.5197093,-96.9155696,0.0012090492004
1521828763.41,19.5197093,-96.9155696,0.0012090492004
1521828763.49,19.5197093,-96.9155696,0.0012090492004
1521828763.6,19.5197093,-96.9155696,0.0012090492004
1521828763.68,19.5197093,-96.9155696,0.0012090492004
1521828763.75,19.5197093,-96.9155696,0.0012090492004
1521828763.85,19.5197093,-96.9155696,0.0012090492004
1521828763.92,19.5197093,-96.9155696,0.0012090492004
1521828764.02,19.5197093,-96.9155696,0.0012090492004
1521828764.11,19.5197093,-96.9155696,0.0012090492004
1521828764.2,19.5197093,-96.9155696,0.0012090492004
1521828764.36,19.5197093,-96.9155696,0.0012090492004
1521828764.49,19.5197093,-96.9155696,0.0012090492004
1521828764.57,19.5197093,-96.9155696,0.0012090492004
1521828764.95,19.5197093,-96.9155696,0.0012090492004
1521828765.54,19.5197093,-96.9155696,0.0012090492004
1521828765.75,19.5197093,-96.9155696,0.0012090492004
1521828765.94,19.5197093,-96.9155696,0.0012090492004
1521828765.96,19.5197093,-96.9155696,0.0012090492004
1521828766.02,19.5197093,-96.9155696,0.0012090492004
1521828766.15,19.5197093,-96.9155696,0.0012090492004
1521828766.16,19.5197093,-96.9155696,0.0012090492004
1521828766.17,19.5197093,-96.9155696,0.0012090492004
1521828766.24,19.5197093,-96.9155696,0.0012090492004
1521828766.26,19.5197093,-96.9155696,0.0012090492004
1521828766.28,19.5197093,-96.9155696,0.0012090492004
1521828766.32,19.5197093,-96.9155696,0.0012090492004
1521828766.34,19.5197093,-96.9155696,0.0012090492004
1521828766.35,19.5197093,-96.9155696,0.0012090492004
1521828766.37,19.5197093,-96.9155696,0.0012090492004
1521828766.38,19.5197093,-96.9155696,0.0012090492004
1521828766.43,19.5197093,-96.9155696,0.0012090492004
1521828766.46,19.5197093,-96.9155696,0.0012090492004
1521828766.47,19.5197093,-96.9155696,0.0012090492004
1521828766.55,19.5197093,-96.9155696,0.0012090492004
1521828766.62,19.5197093,-96.9155696,0.0012090492004
1521828766.94,19.5197093,-96.9155696,0.0012090492004
1521828766.98,19.5197093,-96.9155696,0.0012090492004
1521828767.0,19.5197093,-96.9155696,0.0012090492004
1521828767.03,19.5197093,-96.9155696,0.0012090492004
1521828767.09,19.5197093,-96.9155696,0.0012090492004
1521828767.1,19.5197093,-96.9155696,0.0012090492004
1521828767.15,19.5197093,-96.9155696,0.0012090492004
1521828767.17,19.5197093,-96.9155696,0.0012090492004
1521828767.19,19.5197093,-96.9155696,0.0012090492004
1521828767.2,19.5197093,-96.9155696,0.0012090492004
1521828767.48,19.5197093,-96.9155696,0.0012090492004
1521828767.49,19.5197093,-96.9155696,0.0012090492004
1521828767.5,19.5197093,-96.9155696,0.0012090492004
1521828767.51,19.5197093,-96.9155696,0.0012090492004
1521828767.53,19.5197093,-96.9155696,0.0012090492004
1521828767.55,19.5197093,-96.9155696,0.0012090492004
1521828767.55,19.5197093,-96.9155696,0.0012090492004
1521828767.56,19.5197093,-96.9155696,0.0012090492004
1521828767.56,19.5197093,-96.9155696,0.0012090492004
1521828767.57,19.5197093,-96.9155696,0.0012090492004
1521828767.58,19.5197093,-96.9155696,0.0012090492004
1521828767.66,19.5197093,-96.9155696,0.0012090492004
1521828767.69,19.5197093,-96.9155696,0.0012090492004
1521828767.7,19.5197093,-96.9155696,0.0012090492004
1521828767.73,19.5197093,-96.9155696,0.0012090492004
1521828767.76,19.5197093,-96.9155696,0.0012090492004
1521828767.77,19.5197093,-96.9155696,0.0012090492004
1521828767.78,19.5197093,-96.9155696,0.0012090492004
1521828767.79,19.5197093,-96.9155696,0.0012090492004
1521828767.79,19.5197093,-96.9155696,0.0012090492004
1521828767.8,19.5197093,-96.9155696,0.0012090492004
1521828767.85,19.5197093,-96.9155696,0.0012090492004
1521828767.86,19.5197093,-96.9155696,0.0012090492004
1521828767.87,19.5197093,-96.9155696,0.0012090492004
1521828767.87,19.5197093,-96.9155696,0.0012090492004
1521828767.88,19.5197093,-96.9155696,0.0012090492004
1521828767.89,19.5197093,-96.9155696,0.0012090492004
1521828767.91,19.5197093,-96.9155696,0.0012090492004
1521828767.92,19.5197093,-96.9155696,0.0012090492004
1521828767.99,19.5197093,-96.9155696,0.0012090492004
1521828768.0,19.5197093,-96.9155696,0.0012090492004
1521828768.01,19.5197093,-96.9155696,0.0012090492004
1521828768.04,19.5197093,-96.9155696,0.0012090492004
1521828768.08,19.5197093,-96.9155696,0.0012090492004
1521828768.09,19.5197093,-96.9155696,0.0012090492004
1521828768.11,19.5197093,-96.9155696,0.0012090492004
1521828768.16,19.5197093,-96.9155696,0.0012090492004
1521828768.17,19.5197093,-96.9155696,0.0012090492004
1521828768.19,19.5197093,-96.9155696,0.0012090492004
1521828768.2,19.5197093,-96.9155696,0.0012090492004
1521828768.21,19.5197093,-96.9155696,0.0012090492004
1521828768.22,19.5197093,-96.9155696,0.0012090492004
1521828768.28,19.5197093,-96.9155696,0.0012090492004
1521828768.39,19.5197093,-96.9155696,0.0012090492004
1521828768.42,19.5197093,-96.9155696,0.0012090492004
1521828768.51,19.5197093,-96.9155696,0.0012090492004
1521828768.53,19.5197093,-96.9155696,0.0012090492004
1521828768.58,19.5197093,-96.9155696,0.0012090492004
1521828768.62,19.5197093,-96.9155696,0.0012090492004
1521828768.68,19.5197093,-96.9155696,0.0012090492004
1521828768.69,19.5197093,-96.9155696,0.0012090492004
1521828768.71,19.5197093,-96.9155696,0.0012090492004
1521828768.72,19.5197093,-96.9155696,0.0012090492004
1521828768.79,19.5197093,-96.9155696,0.0012090492004
1521828768.81,19.5197093,-96.9155696,0.0012090492004
1521828768.82,19.5197093,-96.9155696,0.0012090492004
1521828768.83,19.5197093,-96.9155696,0.0012090492004
1521828768.86,19.5197093,-96.9155696,0.0012090492004
1521828768.89,19.5197093,-96.9155696,0.0012090492004
1521828768.91,19.5197093,-96.9155696,0.0012090492004
1521828768.98,19.5197093,-96.9155696,0.0012090492004
1521828769.0,19.5197093,-96.9155696,0.0012090492004
1521828769.02,19.5197093,-96.9155696,0.0012090492004
1521828769.11,19.5197093,-96.9155696,0.0012090492004
1521828769.19,19.5197093,-96.9155696,0.0012090492004
1521828769.2,19.5197093,-96.9155696,0.0012090492004
1521828769.21,19.5197093,-96.9155696,0.0012090492004
1521828769.23,19.5197093,-96.9155696,0.0012090492004
1521828769.24,19.5197093,-96.9155696,0.0012090492004
1521828769.28,19.5197093,-96.9155696,0.0012090492004
1521828769.34,19.5197093,-96.9155696,0.0012090492004
1521828769.35,19.5197093,-96.9155696,0.0012090492004
1521828769.44,19.5197093,-96.9155696,0.0012090492004
1521828769.48,19.5197093,-96.9155696,0.0012090492004
1521828769.55,19.5197093,-96.9155696,0.0012090492004
1521828769.61,19.5197093,-96.9155696,0.0012090492004
1521828769.63,19.5197093,-96.9155696,0.0012090492004
1521828769.64,19.5197093,-96.9155696,0.0012090492004
1521828769.65,19.5197093,-96.9155696,0.0012090492004
1521828769.7,19.5197093,-96.9155696,0.0012090492004
1521828769.71,19.5197093,-96.9155696,0.0012090492004
1521828769.72,19.5197093,-96.9155696,0.0012090492004
1521828769.74,19.5197093,-96.9155696,0.0012090492004
1521828769.76,19.5197093,-96.9155696,0.0012090492004
1521828769.84,19.5197093,-96.9155696,0.0012090492004
1521828769.89,19.5197093,-96.9155696,0.0012090492004
1521828769.91,19.5197093,-96.9155696,0.0012090492004
1521828769.92,19.5197093,-96.9155696,0.0012090492004
1521828769.93,19.5197093,-96.9155696,0.0012090492004
1521828769.96,19.5197093,-96.9155696,0.0012090492004
1521828770.25,19.5197093,-96.9155696,0.0012090492004
1521828770.34,19.5197093,-96.9155696,0.0012090492004
1521828774.41,19.5197093,-96.9155696,0.0012090492004
1521828774.44,19.5197093,-96.9155696,0.0012090492004
1521828774.47,19.5197093,-96.9155696,0.0012090492004
1521828774.5,19.5197093,-96.9155696,0.0012090492004
1521828774.74,19.5197093,-96.9155696,0.0012090492004
1521828774.76,19.5197093,-96.9155696,0.0012090492004
1521828774.78,19.5197093,-96.9155696,0.0012090492004
1521828774.82,19.5197093,-96.9155696,0.0012090492004
1521828774.85,19.5197093,-96.9155696,0.0012090492004
1521828774.88,19.5197093,-96.9155696,0.0012090492004
1521828774.89,19.5197093,-96.9155696,0.0012090492004
1521828774.92,19.5197093,-96.9155696,0.0012090492004
1521828774.94,19.5197093,-96.9155696,0.0012090492004
1521828774.95,19.5197093,-96.9155696,0.0012090492004
1521828774.97,19.5197093,-96.9155696,0.0012090492004
1521828774.99,19.5197093,-96.9155696,0.0012090492004
1521828775.04,19.5197093,-96.9155696,0.0012090492004
1521828775.12,19.5197093,-96.9155696,0.0012090492004
1521828775.13,19.5197093,-96.9155696,0.0012090492004
1521828775.14,19.5197093,-96.9155696,0.0012090492004
1521828775.16,19.5197093,-96.9155696,0.0012090492004
1521828775.17,19.5197093,-96.9155696,0.0012090492004
1521828775.18,19.5197093,-96.9155696,0.0012090492004
1521828775.2,19.5197093,-96.9155696,0.0012090492004
1521828775.24,19.5197093,-96.9155696,0.0012090492004
1521828775.27,19.5197093,-96.9155696,0.0012090492004
1521828775.38,19.5197093,-96.9155696,0.0012090492004
1521828775.46,19.5197093,-96.9155696,0.0012090492004
1521828782.5,19.5197093,-96.9155696,0.0012090492004
1521828782.59,19.5197093,-96.9155696,0.0012090492004
1521828784.0,19.5197093,-96.9155696,0.0012090492004
1521828784.18,19.5197093,-96.9155696,0.0012090492004
